------------NEW LOG-----------
0.00,6.72,480.00,220.37,0.00,6.72,
0.00,6.72,480.00,220.37,0.00,6.72,
0.00,6.72,480.00,220.37,0.00,6.72,
0.00,6.72,480.00,220.37,0.00,6.72,
0.00,6.72,480.00,220.37,0.00,6.72,
0.00,6.72,481.00,221.98,0.00,6.72,
0.00,6.72,480.00,220.37,0.00,6.72,
0.00,6.72,480.00,220.37,0.00,6.72,
0.00,6.72,480.00,220.37,0.00,6.72,
0.00,6.72,480.00,220.37,0.00,6.72,
0.00,6.72,481.00,221.98,0.00,6.72,
0.00,6.72,481.00,221.98,0.00,6.72,
0.00,6.72,480.00,220.37,0.00,6.72,
0.00,6.72,480.00,220.37,0.00,6.72,
0.00,6.72,480.00,220.37,0.00,6.72,
0.00,6.72,481.00,221.98,0.00,6.72,
0.00,6.72,480.00,220.37,0.00,6.72,
0.00,6.72,480.00,220.37,0.00,6.72,
0.00,6.72,461.00,191.94,0.00,6.72,
0.00,6.72,484.00,226.87,0.00,6.72,
0.00,6.72,477.00,215.61,0.00,6.72,
0.00,6.72,587.00,479.70,0.00,6.72,
271.00,48.23,667.00,858.12,0.00,6.72,
420.00,142.47,736.00,1417.08,0.00,6.72,
505.00,264.29,783.00,1994.27,104.00,14.32,
565.00,408.80,805.00,2340.15,23.00,7.95,
440.00,164.76,697.00,1067.24,0.00,6.72,
362.00,93.45,684.00,971.00,0.00,6.72,
353.00,87.54,671.00,883.44,0.00,6.72,
350.00,85.65,676.00,916.14,0.00,6.72,
351.00,86.27,678.00,929.56,0.00,6.72,
264.00,45.83,628.00,646.27,0.00,6.72,
77.00,11.77,514.00,282.16,0.00,6.72,
0.00,6.72,440.00,164.76,0.00,6.72,
0.00,6.72,403.00,125.90,0.00,6.72,
0.00,6.72,379.00,105.75,0.00,6.72,
0.00,6.72,375.00,102.72,0.00,6.72,
0.00,6.72,378.00,104.98,0.00,6.72,
0.00,6.72,379.00,105.75,0.00,6.72,
0.00,6.72,377.00,104.22,0.00,6.72,
0.00,6.72,379.00,105.75,0.00,6.72,
0.00,6.72,379.00,105.75,0.00,6.72,
0.00,6.72,375.00,102.72,0.00,6.72,
0.00,6.72,374.00,101.97,0.00,6.72,
0.00,6.72,372.00,100.50,0.00,6.72,
0.00,6.72,375.00,102.72,0.00,6.72,
0.00,6.72,377.00,104.22,0.00,6.72,
0.00,6.72,374.00,101.97,0.00,6.72,
0.00,6.72,372.00,100.50,0.00,6.72,
0.00,6.72,375.00,102.72,0.00,6.72,
0.00,6.72,377.00,104.22,0.00,6.72,
0.00,6.72,378.00,104.98,0.00,6.72,
0.00,6.72,380.00,106.52,0.00,6.72,
0.00,6.72,380.00,106.52,0.00,6.72,
0.00,6.72,379.00,105.75,0.00,6.72,
0.00,6.72,380.00,106.52,0.00,6.72,
0.00,6.72,382.00,108.08,0.00,6.72,
0.00,6.72,382.00,108.08,0.00,6.72,
0.00,6.72,381.00,107.30,0.00,6.72,
0.00,6.72,381.00,107.30,0.00,6.72,
0.00,6.72,382.00,108.08,0.00,6.72,
0.00,6.72,383.00,108.87,0.00,6.72,
0.00,6.72,383.00,108.87,0.00,6.72,
0.00,6.72,382.00,108.08,0.00,6.72,
0.00,6.72,382.00,108.08,0.00,6.72,
0.00,6.72,382.00,108.08,0.00,6.72,
0.00,6.72,382.00,108.08,0.00,6.72,
0.00,6.72,382.00,108.08,0.00,6.72,
0.00,6.72,382.00,108.08,0.00,6.72,
0.00,6.72,382.00,108.08,0.00,6.72,
0.00,6.72,382.00,108.08,0.00,6.72,
0.00,6.72,381.00,107.30,0.00,6.72,
0.00,6.72,381.00,107.30,0.00,6.72,
0.00,6.72,383.00,108.87,0.00,6.72,
0.00,6.72,383.00,108.87,0.00,6.72,
0.00,6.72,384.00,109.66,0.00,6.72,
0.00,6.72,385.00,110.46,0.00,6.72,
0.00,6.72,385.00,110.46,0.00,6.72,
0.00,6.72,386.00,111.27,0.00,6.72,
0.00,6.72,387.00,112.08,0.00,6.72,
0.00,6.72,385.00,110.46,0.00,6.72,
0.00,6.72,387.00,112.08,0.00,6.72,
0.00,6.72,388.00,112.90,0.00,6.72,
0.00,6.72,383.00,108.87,0.00,6.72,
0.00,6.72,389.00,113.72,0.00,6.72,
0.00,6.72,390.00,114.55,0.00,6.72,
0.00,6.72,442.00,167.18,0.00,6.72,
11.00,7.28,340.00,79.64,0.00,6.72,
0.00,6.72,299.00,59.11,0.00,6.72,
0.00,6.72,311.00,64.50,0.00,6.72,
0.00,6.72,313.00,65.45,0.00,6.72,
0.00,6.72,315.00,66.41,0.00,6.72,
0.00,6.72,316.00,66.89,0.00,6.72,
0.00,6.72,318.00,67.87,0.00,6.72,
0.00,6.72,316.00,66.89,0.00,6.72,
0.00,6.72,320.00,68.86,0.00,6.72,
0.00,6.72,320.00,68.86,0.00,6.72,
0.00,6.72,322.00,69.87,0.00,6.72,
0.00,6.72,322.00,69.87,0.00,6.72,
0.00,6.72,324.00,70.90,0.00,6.72,
0.00,6.72,325.00,71.41,0.00,6.72,
0.00,6.72,325.00,71.41,0.00,6.72,
0.00,6.72,326.00,71.93,0.00,6.72,
0.00,6.72,327.00,72.46,0.00,6.72,
0.00,6.72,324.00,70.90,0.00,6.72,
0.00,6.72,325.00,71.41,0.00,6.72,
0.00,6.72,325.00,71.41,0.00,6.72,
0.00,6.72,326.00,71.93,0.00,6.72,
0.00,6.72,327.00,72.46,0.00,6.72,
0.00,6.72,327.00,72.46,0.00,6.72,
0.00,6.72,328.00,72.99,0.00,6.72,
0.00,6.72,329.00,73.52,0.00,6.72,
0.00,6.72,329.00,73.52,0.00,6.72,
0.00,6.72,329.00,73.52,0.00,6.72,
0.00,6.72,0.00,6.72,0.00,6.72,
0.00,6.72,66.00,10.87,0.00,6.72,
0.00,6.72,233.00,36.59,0.00,6.72,
0.00,6.72,247.00,40.51,0.00,6.72,
0.00,6.72,233.00,36.59,0.00,6.72,
0.00,6.72,318.00,67.87,0.00,6.72,
0.00,6.72,313.00,65.45,0.00,6.72,
0.00,6.72,323.00,70.38,0.00,6.72,
0.00,6.72,294.00,57.00,0.00,6.72,
0.00,6.72,288.00,54.57,0.00,6.72,
0.00,6.72,276.00,50.01,0.00,6.72,
0.00,6.72,304.00,61.30,0.00,6.72,
0.00,6.72,315.00,66.41,0.00,6.72,
0.00,6.72,320.00,68.86,0.00,6.72,
0.00,6.72,392.00,116.23,0.00,6.72,
0.00,6.72,311.00,64.50,0.00,6.72,
0.00,6.72,313.00,65.45,0.00,6.72,
0.00,6.72,305.00,61.75,0.00,6.72,
0.00,6.72,301.00,59.98,0.00,6.72,
0.00,6.72,262.00,45.17,0.00,6.72,
0.00,6.72,263.00,45.50,0.00,6.72,
0.00,6.72,320.00,68.86,0.00,6.72,
0.00,6.72,311.00,64.50,0.00,6.72,
0.00,6.72,309.00,63.57,0.00,6.72,
0.00,6.72,311.00,64.50,0.00,6.72,
0.00,6.72,309.00,63.57,0.00,6.72,
0.00,6.72,308.00,63.11,0.00,6.72,
0.00,6.72,309.00,63.57,0.00,6.72,
0.00,6.72,311.00,64.50,0.00,6.72,
0.00,6.72,312.00,64.97,0.00,6.72,
0.00,6.72,308.00,63.11,0.00,6.72,
0.00,6.72,308.00,63.11,0.00,6.72,
0.00,6.72,307.00,62.65,0.00,6.72,
0.00,6.72,332.00,75.14,0.00,6.72,
0.00,6.72,305.00,61.75,0.00,6.72,
0.00,6.72,296.00,57.84,0.00,6.72,
0.00,6.72,304.00,61.30,0.00,6.72,
0.00,6.72,306.00,62.20,0.00,6.72,
0.00,6.72,306.00,62.20,0.00,6.72,
0.00,6.72,306.00,62.20,0.00,6.72,
0.00,6.72,306.00,62.20,0.00,6.72,
0.00,6.72,305.00,61.75,0.00,6.72,
0.00,6.72,305.00,61.75,0.00,6.72,
0.00,6.72,305.00,61.75,0.00,6.72,
0.00,6.72,305.00,61.75,0.00,6.72,
0.00,6.72,305.00,61.75,0.00,6.72,
0.00,6.72,306.00,62.20,0.00,6.72,
0.00,6.72,305.00,61.75,0.00,6.72,
0.00,6.72,305.00,61.75,0.00,6.72,
0.00,6.72,305.00,61.75,0.00,6.72,
0.00,6.72,304.00,61.30,0.00,6.72,
0.00,6.72,303.00,60.86,0.00,6.72,
0.00,6.72,302.00,60.42,0.00,6.72,
0.00,6.72,303.00,60.86,0.00,6.72,
0.00,6.72,302.00,60.42,0.00,6.72,
0.00,6.72,303.00,60.86,0.00,6.72,
0.00,6.72,297.00,58.26,0.00,6.72,
0.00,6.72,297.00,58.26,0.00,6.72,
0.00,6.72,296.00,57.84,0.00,6.72,
0.00,6.72,295.00,57.42,0.00,6.72,
0.00,6.72,298.00,58.69,0.00,6.72,
0.00,6.72,296.00,57.84,0.00,6.72,
0.00,6.72,297.00,58.26,0.00,6.72,
0.00,6.72,297.00,58.26,0.00,6.72,
0.00,6.72,295.00,57.42,0.00,6.72,
0.00,6.72,296.00,57.84,0.00,6.72,
0.00,6.72,295.00,57.42,0.00,6.72,
0.00,6.72,296.00,57.84,0.00,6.72,
0.00,6.72,296.00,57.84,0.00,6.72,
0.00,6.72,296.00,57.84,0.00,6.72,
0.00,6.72,295.00,57.42,0.00,6.72,
0.00,6.72,295.00,57.42,0.00,6.72,
0.00,6.72,295.00,57.42,0.00,6.72,
0.00,6.72,294.00,57.00,0.00,6.72,
0.00,6.72,293.00,56.59,0.00,6.72,
0.00,6.72,293.00,56.59,0.00,6.72,
0.00,6.72,293.00,56.59,0.00,6.72,
0.00,6.72,293.00,56.59,0.00,6.72,
0.00,6.72,293.00,56.59,0.00,6.72,
0.00,6.72,293.00,56.59,0.00,6.72,
0.00,6.72,293.00,56.59,0.00,6.72,
0.00,6.72,292.00,56.18,0.00,6.72,
0.00,6.72,293.00,56.59,0.00,6.72,
0.00,6.72,293.00,56.59,0.00,6.72,
0.00,6.72,292.00,56.18,0.00,6.72,
0.00,6.72,293.00,56.59,0.00,6.72,
0.00,6.72,293.00,56.59,0.00,6.72,
0.00,6.72,293.00,56.59,0.00,6.72,
0.00,6.72,293.00,56.59,0.00,6.72,
0.00,6.72,293.00,56.59,0.00,6.72,
0.00,6.72,294.00,57.00,0.00,6.72,
0.00,6.72,293.00,56.59,0.00,6.72,
0.00,6.72,293.00,56.59,0.00,6.72,
0.00,6.72,292.00,56.18,0.00,6.72,
0.00,6.72,292.00,56.18,0.00,6.72,
0.00,6.72,293.00,56.59,0.00,6.72,
0.00,6.72,292.00,56.18,0.00,6.72,
0.00,6.72,292.00,56.18,0.00,6.72,
0.00,6.72,293.00,56.59,0.00,6.72,
0.00,6.72,292.00,56.18,0.00,6.72,
0.00,6.72,292.00,56.18,0.00,6.72,
0.00,6.72,292.00,56.18,0.00,6.72,
0.00,6.72,291.00,55.77,0.00,6.72,
0.00,6.72,292.00,56.18,0.00,6.72,
0.00,6.72,293.00,56.59,0.00,6.72,
0.00,6.72,292.00,56.18,0.00,6.72,
0.00,6.72,292.00,56.18,0.00,6.72,
0.00,6.72,291.00,55.77,0.00,6.72,
0.00,6.72,291.00,55.77,0.00,6.72,
0.00,6.72,290.00,55.37,0.00,6.72,
0.00,6.72,291.00,55.77,0.00,6.72,
0.00,6.72,291.00,55.77,0.00,6.72,
0.00,6.72,291.00,55.77,0.00,6.72,
0.00,6.72,290.00,55.37,0.00,6.72,
0.00,6.72,291.00,55.77,0.00,6.72,
0.00,6.72,290.00,55.37,0.00,6.72,
0.00,6.72,290.00,55.37,0.00,6.72,
0.00,6.72,291.00,55.77,0.00,6.72,
0.00,6.72,291.00,55.77,0.00,6.72,
0.00,6.72,291.00,55.77,0.00,6.72,
0.00,6.72,291.00,55.77,0.00,6.72,
0.00,6.72,292.00,56.18,0.00,6.72,
0.00,6.72,292.00,56.18,0.00,6.72,
0.00,6.72,292.00,56.18,0.00,6.72,
0.00,6.72,292.00,56.18,0.00,6.72,
0.00,6.72,292.00,56.18,0.00,6.72,
0.00,6.72,291.00,55.77,0.00,6.72,
0.00,6.72,291.00,55.77,0.00,6.72,
0.00,6.72,290.00,55.37,0.00,6.72,
0.00,6.72,291.00,55.77,0.00,6.72,
0.00,6.72,292.00,56.18,0.00,6.72,
0.00,6.72,292.00,56.18,0.00,6.72,
0.00,6.72,292.00,56.18,0.00,6.72,
0.00,6.72,292.00,56.18,0.00,6.72,
0.00,6.72,293.00,56.59,0.00,6.72,
0.00,6.72,293.00,56.59,0.00,6.72,
0.00,6.72,292.00,56.18,0.00,6.72,
0.00,6.72,293.00,56.59,0.00,6.72,
0.00,6.72,293.00,56.59,0.00,6.72,
0.00,6.72,293.00,56.59,0.00,6.72,
0.00,6.72,293.00,56.59,0.00,6.72,
0.00,6.72,292.00,56.18,0.00,6.72,
0.00,6.72,292.00,56.18,0.00,6.72,
0.00,6.72,293.00,56.59,0.00,6.72,
0.00,6.72,291.00,55.77,0.00,6.72,
0.00,6.72,291.00,55.77,0.00,6.72,
0.00,6.72,292.00,56.18,0.00,6.72,
0.00,6.72,292.00,56.18,0.00,6.72,
0.00,6.72,291.00,55.77,0.00,6.72,
0.00,6.72,291.00,55.77,0.00,6.72,
0.00,6.72,291.00,55.77,0.00,6.72,
0.00,6.72,291.00,55.77,0.00,6.72,
0.00,6.72,291.00,55.77,0.00,6.72,
0.00,6.72,291.00,55.77,0.00,6.72,
0.00,6.72,291.00,55.77,0.00,6.72,
0.00,6.72,290.00,55.37,0.00,6.72,
0.00,6.72,291.00,55.77,0.00,6.72,
0.00,6.72,291.00,55.77,0.00,6.72,
0.00,6.72,291.00,55.77,0.00,6.72,
0.00,6.72,292.00,56.18,0.00,6.72,
0.00,6.72,290.00,55.37,0.00,6.72,
0.00,6.72,290.00,55.37,0.00,6.72,
0.00,6.72,291.00,55.77,0.00,6.72,
0.00,6.72,287.00,54.18,0.00,6.72,
0.00,6.72,287.00,54.18,0.00,6.72,
0.00,6.72,288.00,54.57,0.00,6.72,
0.00,6.72,286.00,53.78,0.00,6.72,
0.00,6.72,289.00,54.97,0.00,6.72,
0.00,6.72,287.00,54.18,0.00,6.72,
0.00,6.72,288.00,54.57,0.00,6.72,
0.00,6.72,287.00,54.18,0.00,6.72,
0.00,6.72,287.00,54.18,0.00,6.72,
0.00,6.72,288.00,54.57,0.00,6.72,
0.00,6.72,288.00,54.57,0.00,6.72,
0.00,6.72,287.00,54.18,0.00,6.72,
0.00,6.72,287.00,54.18,0.00,6.72,
0.00,6.72,288.00,54.57,0.00,6.72,
0.00,6.72,287.00,54.18,0.00,6.72,
0.00,6.72,288.00,54.57,0.00,6.72,
0.00,6.72,288.00,54.57,0.00,6.72,
0.00,6.72,288.00,54.57,0.00,6.72,
0.00,6.72,288.00,54.57,0.00,6.72,
0.00,6.72,287.00,54.18,0.00,6.72,
0.00,6.72,287.00,54.18,0.00,6.72,
0.00,6.72,288.00,54.57,0.00,6.72,
0.00,6.72,289.00,54.97,0.00,6.72,
0.00,6.72,289.00,54.97,0.00,6.72,
0.00,6.72,288.00,54.57,0.00,6.72,
0.00,6.72,290.00,55.37,0.00,6.72,
0.00,6.72,289.00,54.97,0.00,6.72,
0.00,6.72,289.00,54.97,0.00,6.72,
0.00,6.72,288.00,54.57,0.00,6.72,
0.00,6.72,289.00,54.97,0.00,6.72,
0.00,6.72,288.00,54.57,0.00,6.72,
0.00,6.72,287.00,54.18,0.00,6.72,
0.00,6.72,287.00,54.18,0.00,6.72,
0.00,6.72,286.00,53.78,0.00,6.72,
0.00,6.72,286.00,53.78,0.00,6.72,
0.00,6.72,287.00,54.18,0.00,6.72,
0.00,6.72,287.00,54.18,0.00,6.72,
0.00,6.72,287.00,54.18,0.00,6.72,
0.00,6.72,287.00,54.18,0.00,6.72,
0.00,6.72,287.00,54.18,0.00,6.72,
0.00,6.72,288.00,54.57,0.00,6.72,
0.00,6.72,287.00,54.18,0.00,6.72,
0.00,6.72,288.00,54.57,0.00,6.72,
0.00,6.72,289.00,54.97,0.00,6.72,
0.00,6.72,289.00,54.97,0.00,6.72,
0.00,6.72,290.00,55.37,0.00,6.72,
0.00,6.72,289.00,54.97,0.00,6.72,
0.00,6.72,289.00,54.97,0.00,6.72,
0.00,6.72,289.00,54.97,0.00,6.72,
0.00,6.72,288.00,54.57,0.00,6.72,
0.00,6.72,289.00,54.97,0.00,6.72,
0.00,6.72,289.00,54.97,0.00,6.72,
0.00,6.72,289.00,54.97,0.00,6.72,
0.00,6.72,289.00,54.97,0.00,6.72,
0.00,6.72,289.00,54.97,0.00,6.72,
0.00,6.72,290.00,55.37,0.00,6.72,
0.00,6.72,290.00,55.37,0.00,6.72,
0.00,6.72,291.00,55.77,0.00,6.72,
0.00,6.72,291.00,55.77,0.00,6.72,
0.00,6.72,290.00,55.37,0.00,6.72,
0.00,6.72,291.00,55.77,0.00,6.72,
0.00,6.72,291.00,55.77,0.00,6.72,
0.00,6.72,290.00,55.37,0.00,6.72,
0.00,6.72,290.00,55.37,0.00,6.72,
0.00,6.72,290.00,55.37,0.00,6.72,
0.00,6.72,289.00,54.97,0.00,6.72,
0.00,6.72,289.00,54.97,0.00,6.72,
0.00,6.72,289.00,54.97,0.00,6.72,
0.00,6.72,288.00,54.57,0.00,6.72,
0.00,6.72,288.00,54.57,0.00,6.72,
0.00,6.72,288.00,54.57,0.00,6.72,
0.00,6.72,289.00,54.97,0.00,6.72,
0.00,6.72,289.00,54.97,0.00,6.72,
0.00,6.72,289.00,54.97,0.00,6.72,
0.00,6.72,289.00,54.97,0.00,6.72,
0.00,6.72,288.00,54.57,0.00,6.72,
0.00,6.72,288.00,54.57,0.00,6.72,
0.00,6.72,288.00,54.57,0.00,6.72,
0.00,6.72,289.00,54.97,0.00,6.72,
0.00,6.72,289.00,54.97,0.00,6.72,
0.00,6.72,289.00,54.97,0.00,6.72,
0.00,6.72,289.00,54.97,0.00,6.72,
0.00,6.72,290.00,55.37,0.00,6.72,
0.00,6.72,289.00,54.97,0.00,6.72,
0.00,6.72,288.00,54.57,0.00,6.72,
0.00,6.72,289.00,54.97,0.00,6.72,
0.00,6.72,290.00,55.37,0.00,6.72,
0.00,6.72,290.00,55.37,0.00,6.72,
0.00,6.72,290.00,55.37,0.00,6.72,
0.00,6.72,290.00,55.37,0.00,6.72,
0.00,6.72,291.00,55.77,0.00,6.72,
0.00,6.72,290.00,55.37,0.00,6.72,
0.00,6.72,290.00,55.37,0.00,6.72,
0.00,6.72,290.00,55.37,0.00,6.72,
0.00,6.72,291.00,55.77,0.00,6.72,
0.00,6.72,291.00,55.77,0.00,6.72,
0.00,6.72,291.00,55.77,0.00,6.72,
0.00,6.72,291.00,55.77,0.00,6.72,
0.00,6.72,292.00,56.18,0.00,6.72,
0.00,6.72,291.00,55.77,0.00,6.72,
0.00,6.72,292.00,56.18,0.00,6.72,
0.00,6.72,291.00,55.77,0.00,6.72,
0.00,6.72,291.00,55.77,0.00,6.72,
0.00,6.72,292.00,56.18,0.00,6.72,
0.00,6.72,292.00,56.18,0.00,6.72,
0.00,6.72,292.00,56.18,0.00,6.72,
0.00,6.72,291.00,55.77,0.00,6.72,
0.00,6.72,291.00,55.77,0.00,6.72,
0.00,6.72,291.00,55.77,0.00,6.72,
0.00,6.72,291.00,55.77,0.00,6.72,
0.00,6.72,290.00,55.37,0.00,6.72,
0.00,6.72,290.00,55.37,0.00,6.72,
0.00,6.72,289.00,54.97,0.00,6.72,
0.00,6.72,288.00,54.57,0.00,6.72,
0.00,6.72,288.00,54.57,0.00,6.72,
0.00,6.72,289.00,54.97,0.00,6.72,
0.00,6.72,288.00,54.57,0.00,6.72,
0.00,6.72,290.00,55.37,0.00,6.72,
0.00,6.72,289.00,54.97,0.00,6.72,
0.00,6.72,289.00,54.97,0.00,6.72,
0.00,6.72,289.00,54.97,0.00,6.72,
0.00,6.72,288.00,54.57,0.00,6.72,
0.00,6.72,287.00,54.18,0.00,6.72,
0.00,6.72,288.00,54.57,0.00,6.72,
0.00,6.72,288.00,54.57,0.00,6.72,
0.00,6.72,288.00,54.57,0.00,6.72,
0.00,6.72,288.00,54.57,0.00,6.72,
0.00,6.72,287.00,54.18,0.00,6.72,
0.00,6.72,288.00,54.57,0.00,6.72,
0.00,6.72,288.00,54.57,0.00,6.72,
0.00,6.72,288.00,54.57,0.00,6.72,
0.00,6.72,287.00,54.18,0.00,6.72,
0.00,6.72,287.00,54.18,0.00,6.72,
0.00,6.72,287.00,54.18,0.00,6.72,
0.00,6.72,287.00,54.18,0.00,6.72,
0.00,6.72,287.00,54.18,0.00,6.72,
0.00,6.72,287.00,54.18,0.00,6.72,
0.00,6.72,287.00,54.18,0.00,6.72,
0.00,6.72,287.00,54.18,0.00,6.72,
0.00,6.72,287.00,54.18,0.00,6.72,
0.00,6.72,286.00,53.78,0.00,6.72,
0.00,6.72,286.00,53.78,0.00,6.72,
0.00,6.72,286.00,53.78,0.00,6.72,
0.00,6.72,287.00,54.18,0.00,6.72,
0.00,6.72,288.00,54.57,0.00,6.72,
0.00,6.72,288.00,54.57,0.00,6.72,
0.00,6.72,287.00,54.18,0.00,6.72,
0.00,6.72,289.00,54.97,0.00,6.72,
0.00,6.72,288.00,54.57,0.00,6.72,
0.00,6.72,289.00,54.97,0.00,6.72,
0.00,6.72,289.00,54.97,0.00,6.72,
0.00,6.72,289.00,54.97,0.00,6.72,
0.00,6.72,288.00,54.57,0.00,6.72,
0.00,6.72,289.00,54.97,0.00,6.72,
0.00,6.72,288.00,54.57,0.00,6.72,
0.00,6.72,290.00,55.37,0.00,6.72,
0.00,6.72,289.00,54.97,0.00,6.72,
0.00,6.72,289.00,54.97,0.00,6.72,
0.00,6.72,288.00,54.57,0.00,6.72,
0.00,6.72,289.00,54.97,0.00,6.72,
0.00,6.72,289.00,54.97,0.00,6.72,
0.00,6.72,288.00,54.57,0.00,6.72,
0.00,6.72,287.00,54.18,0.00,6.72,
0.00,6.72,288.00,54.57,0.00,6.72,
0.00,6.72,289.00,54.97,0.00,6.72,
0.00,6.72,289.00,54.97,0.00,6.72,
0.00,6.72,289.00,54.97,0.00,6.72,
0.00,6.72,288.00,54.57,0.00,6.72,
0.00,6.72,289.00,54.97,0.00,6.72,
0.00,6.72,288.00,54.57,0.00,6.72,
0.00,6.72,288.00,54.57,0.00,6.72,
0.00,6.72,289.00,54.97,0.00,6.72,
0.00,6.72,289.00,54.97,0.00,6.72,
0.00,6.72,290.00,55.37,0.00,6.72,
0.00,6.72,289.00,54.97,0.00,6.72,
0.00,6.72,289.00,54.97,0.00,6.72,
0.00,6.72,289.00,54.97,0.00,6.72,
0.00,6.72,288.00,54.57,0.00,6.72,
0.00,6.72,289.00,54.97,0.00,6.72,
0.00,6.72,289.00,54.97,0.00,6.72,
0.00,6.72,289.00,54.97,0.00,6.72,
0.00,6.72,289.00,54.97,0.00,6.72,
0.00,6.72,288.00,54.57,0.00,6.72,
0.00,6.72,289.00,54.97,0.00,6.72,
0.00,6.72,288.00,54.57,0.00,6.72,
0.00,6.72,289.00,54.97,0.00,6.72,
0.00,6.72,289.00,54.97,0.00,6.72,
0.00,6.72,289.00,54.97,0.00,6.72,
0.00,6.72,288.00,54.57,0.00,6.72,
0.00,6.72,287.00,54.18,0.00,6.72,
0.00,6.72,287.00,54.18,0.00,6.72,
0.00,6.72,288.00,54.57,0.00,6.72,
0.00,6.72,288.00,54.57,0.00,6.72,
0.00,6.72,288.00,54.57,0.00,6.72,
0.00,6.72,288.00,54.57,0.00,6.72,
0.00,6.72,288.00,54.57,0.00,6.72,
0.00,6.72,287.00,54.18,0.00,6.72,
0.00,6.72,288.00,54.57,0.00,6.72,
0.00,6.72,288.00,54.57,0.00,6.72,
0.00,6.72,288.00,54.57,0.00,6.72,
0.00,6.72,287.00,54.18,0.00,6.72,
0.00,6.72,286.00,53.78,0.00,6.72,
0.00,6.72,286.00,53.78,0.00,6.72,
0.00,6.72,286.00,53.78,0.00,6.72,
0.00,6.72,284.00,53.01,0.00,6.72,
0.00,6.72,285.00,53.39,0.00,6.72,
0.00,6.72,285.00,53.39,0.00,6.72,
0.00,6.72,284.00,53.01,0.00,6.72,
0.00,6.72,284.00,53.01,0.00,6.72,
0.00,6.72,285.00,53.39,0.00,6.72,
0.00,6.72,284.00,53.01,0.00,6.72,
0.00,6.72,284.00,53.01,0.00,6.72,
0.00,6.72,285.00,53.39,0.00,6.72,
0.00,6.72,286.00,53.78,0.00,6.72,
0.00,6.72,286.00,53.78,0.00,6.72,
0.00,6.72,286.00,53.78,0.00,6.72,
0.00,6.72,285.00,53.39,0.00,6.72,
0.00,6.72,286.00,53.78,0.00,6.72,
0.00,6.72,286.00,53.78,0.00,6.72,
0.00,6.72,285.00,53.39,0.00,6.72,
0.00,6.72,284.00,53.01,0.00,6.72,
0.00,6.72,239.00,38.22,0.00,6.72,
0.00,6.72,287.00,54.18,0.00,6.72,
0.00,6.72,264.00,45.83,0.00,6.72,
0.00,6.72,248.00,40.80,0.00,6.72,
0.00,6.72,236.00,37.39,0.00,6.72,
0.00,6.72,252.00,42.01,0.00,6.72,
0.00,6.72,265.00,46.17,0.00,6.72,
0.00,6.72,254.00,42.62,0.00,6.72,
0.00,6.72,249.00,41.10,0.00,6.72,
0.00,6.72,254.00,42.62,0.00,6.72,
0.00,6.72,263.00,45.50,0.00,6.72,
0.00,6.72,263.00,45.50,0.00,6.72,
0.00,6.72,257.00,43.56,0.00,6.72,
0.00,6.72,256.00,43.24,0.00,6.72,
0.00,6.72,264.00,45.83,0.00,6.72,
0.00,6.72,264.00,45.83,0.00,6.72,
0.00,6.72,260.00,44.52,0.00,6.72,
0.00,6.72,258.00,43.88,0.00,6.72,
0.00,6.72,270.00,47.88,0.00,6.72,
0.00,6.72,257.00,43.56,0.00,6.72,
0.00,6.72,255.00,42.93,0.00,6.72,
0.00,6.72,259.00,44.20,0.00,6.72,
0.00,6.72,266.00,46.51,0.00,6.72,
0.00,6.72,270.00,47.88,0.00,6.72,
0.00,6.72,258.00,43.88,0.00,6.72,
0.00,6.72,264.00,45.83,0.00,6.72,
0.00,6.72,265.00,46.17,0.00,6.72,
0.00,6.72,270.00,47.88,0.00,6.72,
0.00,6.72,262.00,45.17,0.00,6.72,
0.00,6.72,264.00,45.83,0.00,6.72,
0.00,6.72,269.00,47.53,0.00,6.72,
0.00,6.72,270.00,47.88,0.00,6.72,
0.00,6.72,268.00,47.19,0.00,6.72,
0.00,6.72,268.00,47.19,0.00,6.72,
0.00,6.72,268.00,47.19,0.00,6.72,
0.00,6.72,271.00,48.23,0.00,6.72,
0.00,6.72,269.00,47.53,0.00,6.72,
0.00,6.72,269.00,47.53,0.00,6.72,
0.00,6.72,269.00,47.53,0.00,6.72,
0.00,6.72,269.00,47.53,0.00,6.72,
0.00,6.72,268.00,47.19,0.00,6.72,
0.00,6.72,270.00,47.88,0.00,6.72,
0.00,6.72,272.00,48.58,0.00,6.72,
0.00,6.72,271.00,48.23,0.00,6.72,
0.00,6.72,273.00,48.93,0.00,6.72,
0.00,6.72,272.00,48.58,0.00,6.72,
0.00,6.72,272.00,48.58,0.00,6.72,
0.00,6.72,272.00,48.58,0.00,6.72,
0.00,6.72,273.00,48.93,0.00,6.72,
0.00,6.72,273.00,48.93,0.00,6.72,
0.00,6.72,273.00,48.93,0.00,6.72,
0.00,6.72,273.00,48.93,0.00,6.72,
0.00,6.72,274.00,49.29,0.00,6.72,
0.00,6.72,274.00,49.29,0.00,6.72,
0.00,6.72,275.00,49.65,0.00,6.72,
0.00,6.72,276.00,50.01,0.00,6.72,
0.00,6.72,276.00,50.01,0.00,6.72,
0.00,6.72,276.00,50.01,0.00,6.72,
0.00,6.72,276.00,50.01,0.00,6.72,
0.00,6.72,276.00,50.01,0.00,6.72,
0.00,6.72,277.00,50.38,0.00,6.72,
0.00,6.72,276.00,50.01,0.00,6.72,
0.00,6.72,277.00,50.38,0.00,6.72,
0.00,6.72,278.00,50.74,0.00,6.72,
0.00,6.72,278.00,50.74,0.00,6.72,
0.00,6.72,280.00,51.49,0.00,6.72,
0.00,6.72,280.00,51.49,0.00,6.72,
0.00,6.72,280.00,51.49,0.00,6.72,
0.00,6.72,281.00,51.86,0.00,6.72,
0.00,6.72,278.00,50.74,0.00,6.72,
0.00,6.72,280.00,51.49,0.00,6.72,
0.00,6.72,280.00,51.49,0.00,6.72,
0.00,6.72,281.00,51.86,0.00,6.72,
0.00,6.72,273.00,48.93,0.00,6.72,
0.00,6.72,260.00,44.52,0.00,6.72,
0.00,6.72,264.00,45.83,0.00,6.72,
0.00,6.72,263.00,45.50,0.00,6.72,
0.00,6.72,266.00,46.51,0.00,6.72,
0.00,6.72,270.00,47.88,0.00,6.72,
0.00,6.72,272.00,48.58,0.00,6.72,
0.00,6.72,275.00,49.65,0.00,6.72,
0.00,6.72,277.00,50.38,0.00,6.72,
0.00,6.72,228.00,35.28,0.00,6.72,
0.00,6.72,228.00,35.28,0.00,6.72,
0.00,6.72,246.00,40.21,0.00,6.72,
0.00,6.72,248.00,40.80,0.00,6.72,
0.00,6.72,252.00,42.01,0.00,6.72,
0.00,6.72,252.00,42.01,0.00,6.72,
0.00,6.72,257.00,43.56,0.00,6.72,
0.00,6.72,253.00,42.31,0.00,6.72,
0.00,6.72,247.00,40.51,0.00,6.72,
0.00,6.72,243.00,39.34,0.00,6.72,
0.00,6.72,261.00,44.85,0.00,6.72,
0.00,6.72,252.00,42.01,0.00,6.72,
0.00,6.72,268.00,47.19,0.00,6.72,
0.00,6.72,270.00,47.88,0.00,6.72,
0.00,6.72,271.00,48.23,0.00,6.72,
0.00,6.72,275.00,49.65,0.00,6.72,
0.00,6.72,275.00,49.65,0.00,6.72,
0.00,6.72,277.00,50.38,0.00,6.72,
0.00,6.72,279.00,51.12,0.00,6.72,
0.00,6.72,279.00,51.12,0.00,6.72,
0.00,6.72,281.00,51.86,0.00,6.72,
0.00,6.72,282.00,52.24,0.00,6.72,
0.00,6.72,282.00,52.24,0.00,6.72,
0.00,6.72,283.00,52.62,0.00,6.72,
0.00,6.72,285.00,53.39,0.00,6.72,
0.00,6.72,285.00,53.39,0.00,6.72,
0.00,6.72,286.00,53.78,0.00,6.72,
0.00,6.72,286.00,53.78,0.00,6.72,
0.00,6.72,287.00,54.18,0.00,6.72,
0.00,6.72,287.00,54.18,0.00,6.72,
0.00,6.72,288.00,54.57,0.00,6.72,
0.00,6.72,288.00,54.57,0.00,6.72,
0.00,6.72,290.00,55.37,0.00,6.72,
0.00,6.72,290.00,55.37,0.00,6.72,
0.00,6.72,292.00,56.18,0.00,6.72,
0.00,6.72,292.00,56.18,0.00,6.72,
0.00,6.72,294.00,57.00,0.00,6.72,
0.00,6.72,295.00,57.42,0.00,6.72,
0.00,6.72,296.00,57.84,0.00,6.72,
0.00,6.72,297.00,58.26,0.00,6.72,
0.00,6.72,297.00,58.26,0.00,6.72,
0.00,6.72,298.00,58.69,0.00,6.72,
0.00,6.72,298.00,58.69,0.00,6.72,
0.00,6.72,299.00,59.11,0.00,6.72,
0.00,6.72,300.00,59.55,0.00,6.72,
0.00,6.72,300.00,59.55,0.00,6.72,
0.00,6.72,300.00,59.55,0.00,6.72,
0.00,6.72,300.00,59.55,0.00,6.72,
0.00,6.72,301.00,59.98,0.00,6.72,
0.00,6.72,301.00,59.98,0.00,6.72,
0.00,6.72,302.00,60.42,0.00,6.72,
0.00,6.72,302.00,60.42,0.00,6.72,
0.00,6.72,301.00,59.98,0.00,6.72,
0.00,6.72,302.00,60.42,0.00,6.72,
0.00,6.72,303.00,60.86,0.00,6.72,
0.00,6.72,304.00,61.30,0.00,6.72,
0.00,6.72,304.00,61.30,0.00,6.72,
0.00,6.72,304.00,61.30,0.00,6.72,
0.00,6.72,304.00,61.30,0.00,6.72,
0.00,6.72,303.00,60.86,0.00,6.72,
0.00,6.72,303.00,60.86,0.00,6.72,
0.00,6.72,304.00,61.30,0.00,6.72,
0.00,6.72,304.00,61.30,0.00,6.72,
0.00,6.72,304.00,61.30,0.00,6.72,
0.00,6.72,304.00,61.30,0.00,6.72,
0.00,6.72,305.00,61.75,0.00,6.72,
0.00,6.72,306.00,62.20,0.00,6.72,
0.00,6.72,308.00,63.11,0.00,6.72,
0.00,6.72,309.00,63.57,0.00,6.72,
0.00,6.72,309.00,63.57,0.00,6.72,
0.00,6.72,309.00,63.57,0.00,6.72,
0.00,6.72,309.00,63.57,0.00,6.72,
0.00,6.72,310.00,64.04,0.00,6.72,
0.00,6.72,310.00,64.04,0.00,6.72,
0.00,6.72,311.00,64.50,0.00,6.72,
0.00,6.72,311.00,64.50,0.00,6.72,
0.00,6.72,312.00,64.97,0.00,6.72,
0.00,6.72,312.00,64.97,0.00,6.72,
0.00,6.72,306.00,62.20,0.00,6.72,
0.00,6.72,310.00,64.04,0.00,6.72,
0.00,6.72,310.00,64.04,0.00,6.72,
0.00,6.72,301.00,59.98,0.00,6.72,
0.00,6.72,310.00,64.04,0.00,6.72,
0.00,6.72,309.00,63.57,0.00,6.72,
0.00,6.72,309.00,63.57,0.00,6.72,
0.00,6.72,310.00,64.04,0.00,6.72,
0.00,6.72,310.00,64.04,0.00,6.72,
0.00,6.72,311.00,64.50,0.00,6.72,
0.00,6.72,313.00,65.45,0.00,6.72,
0.00,6.72,312.00,64.97,0.00,6.72,
0.00,6.72,314.00,65.93,0.00,6.72,
0.00,6.72,314.00,65.93,0.00,6.72,
0.00,6.72,314.00,65.93,0.00,6.72,
0.00,6.72,314.00,65.93,0.00,6.72,
0.00,6.72,315.00,66.41,0.00,6.72,
0.00,6.72,315.00,66.41,0.00,6.72,
0.00,6.72,313.00,65.45,0.00,6.72,
0.00,6.72,313.00,65.45,0.00,6.72,
0.00,6.72,306.00,62.20,0.00,6.72,
0.00,6.72,312.00,64.97,0.00,6.72,
0.00,6.72,306.00,62.20,0.00,6.72,
0.00,6.72,305.00,61.75,0.00,6.72,
0.00,6.72,311.00,64.50,0.00,6.72,
0.00,6.72,312.00,64.97,0.00,6.72,
0.00,6.72,310.00,64.04,0.00,6.72,
0.00,6.72,305.00,61.75,0.00,6.72,
0.00,6.72,310.00,64.04,0.00,6.72,
0.00,6.72,311.00,64.50,0.00,6.72,
0.00,6.72,311.00,64.50,0.00,6.72,
0.00,6.72,308.00,63.11,0.00,6.72,
0.00,6.72,311.00,64.50,0.00,6.72,
0.00,6.72,311.00,64.50,0.00,6.72,
0.00,6.72,311.00,64.50,0.00,6.72,
0.00,6.72,310.00,64.04,0.00,6.72,
0.00,6.72,311.00,64.50,0.00,6.72,
0.00,6.72,312.00,64.97,0.00,6.72,
0.00,6.72,314.00,65.93,0.00,6.72,
0.00,6.72,312.00,64.97,0.00,6.72,
0.00,6.72,313.00,65.45,0.00,6.72,
0.00,6.72,313.00,65.45,0.00,6.72,
------------NEW LOG-----------
0.00,6.72,0.00,6.72,0.00,6.72,
0.00,6.72,0.00,6.72,38.00,8.86,
0.00,6.72,0.00,6.72,41.00,9.06,
0.00,6.72,0.00,6.72,45.00,9.33,
0.00,6.72,0.00,6.72,55.00,10.03,
0.00,6.72,0.00,6.72,65.00,10.79,
0.00,6.72,0.00,6.72,103.00,14.22,
39.00,8.93,0.00,6.72,142.00,18.88,
292.00,56.18,0.00,6.72,244.00,39.63,
466.00,199.04,0.00,6.72,357.00,90.12,
568.00,417.81,78.00,11.86,541.00,343.35,
626.00,636.94,245.00,39.92,652.00,769.47,
677.00,922.83,321.00,69.37,733.00,1386.51,
733.00,1386.51,333.00,75.69,749.00,1557.54,
750.00,1568.90,334.00,76.24,760.00,1687.21,
736.00,1417.08,281.00,51.86,696.00,1059.51,
697.00,1067.24,214.00,31.87,661.00,821.49,
684.00,971.00,206.00,30.07,639.00,700.08,
676.00,916.14,193.00,27.35,621.00,614.21,
671.00,883.44,179.00,24.71,612.00,575.31,
668.00,864.38,164.00,22.15,615.00,587.99,
670.00,877.04,160.00,21.52,614.00,583.73,
667.00,858.12,151.00,20.16,612.00,575.31,
666.00,851.90,130.00,17.30,609.00,562.90,
665.00,845.73,110.00,14.96,611.00,571.14,
664.00,839.61,129.00,17.18,608.00,558.82,
664.00,839.61,113.00,15.29,609.00,562.90,
664.00,839.61,117.00,15.74,610.00,567.00,
664.00,839.61,127.00,16.93,607.00,554.77,
665.00,845.73,112.00,15.18,606.00,550.75,
664.00,839.61,113.00,15.29,607.00,554.77,
664.00,839.61,127.00,16.93,607.00,554.77,
664.00,839.61,114.00,15.40,610.00,567.00,
664.00,839.61,106.00,14.53,612.00,575.31,
664.00,839.61,115.00,15.52,611.00,571.14,
664.00,839.61,121.00,16.21,613.00,579.51,
665.00,845.73,117.00,15.74,614.00,583.73,
666.00,851.90,120.00,16.09,614.00,583.73,
667.00,858.12,110.00,14.96,612.00,575.31,
665.00,845.73,123.00,16.44,602.00,534.97,
661.00,821.49,112.00,15.18,604.00,542.80,
659.00,809.64,103.00,14.22,601.00,531.09,
660.00,815.54,114.00,15.40,603.00,538.87,
661.00,821.49,106.00,14.53,606.00,550.75,
661.00,821.49,119.00,15.97,608.00,558.82,
662.00,827.49,129.00,17.18,608.00,558.82,
662.00,827.49,101.00,14.01,576.00,442.83,
597.00,515.87,0.00,6.72,362.00,93.45,
352.00,86.90,7.00,7.08,103.00,14.22,
236.00,37.39,22.00,7.89,0.00,6.72,
199.00,28.57,40.00,8.99,0.00,6.72,
143.00,19.02,46.00,9.40,0.00,6.72,
117.00,15.74,48.00,9.53,0.00,6.72,
102.00,14.12,50.00,9.67,0.00,6.72,
99.00,13.81,50.00,9.67,0.00,6.72,
92.00,13.13,50.00,9.67,0.00,6.72,
83.00,12.30,51.00,9.74,0.00,6.72,
76.00,11.69,50.00,9.67,0.00,6.72,
71.00,11.27,52.00,9.81,0.00,6.72,
61.00,10.48,53.00,9.89,0.00,6.72,
49.00,9.60,53.00,9.89,0.00,6.72,
44.00,9.26,53.00,9.89,0.00,6.72,
25.00,8.07,54.00,9.96,0.00,6.72,
3.00,6.87,55.00,10.03,0.00,6.72,
0.00,6.72,56.00,10.10,0.00,6.72,
0.00,6.72,55.00,10.03,0.00,6.72,
0.00,6.72,56.00,10.10,0.00,6.72,
0.00,6.72,56.00,10.10,0.00,6.72,
0.00,6.72,56.00,10.10,0.00,6.72,
0.00,6.72,57.00,10.18,0.00,6.72,
0.00,6.72,56.00,10.10,0.00,6.72,
0.00,6.72,56.00,10.10,0.00,6.72,
0.00,6.72,58.00,10.25,0.00,6.72,
0.00,6.72,57.00,10.18,0.00,6.72,
0.00,6.72,57.00,10.18,0.00,6.72,
0.00,6.72,58.00,10.25,0.00,6.72,
0.00,6.72,58.00,10.25,0.00,6.72,
0.00,6.72,59.00,10.33,0.00,6.72,
0.00,6.72,58.00,10.25,0.00,6.72,
0.00,6.72,58.00,10.25,0.00,6.72,
0.00,6.72,58.00,10.25,0.00,6.72,
0.00,6.72,59.00,10.33,0.00,6.72,
0.00,6.72,58.00,10.25,0.00,6.72,
0.00,6.72,59.00,10.33,0.00,6.72,
0.00,6.72,59.00,10.33,0.00,6.72,
0.00,6.72,58.00,10.25,0.00,6.72,
0.00,6.72,59.00,10.33,0.00,6.72,
0.00,6.72,59.00,10.33,0.00,6.72,
0.00,6.72,59.00,10.33,0.00,6.72,
0.00,6.72,60.00,10.40,0.00,6.72,
0.00,6.72,58.00,10.25,0.00,6.72,
0.00,6.72,59.00,10.33,0.00,6.72,
0.00,6.72,59.00,10.33,0.00,6.72,
0.00,6.72,59.00,10.33,0.00,6.72,
0.00,6.72,59.00,10.33,0.00,6.72,
0.00,6.72,59.00,10.33,0.00,6.72,
0.00,6.72,59.00,10.33,0.00,6.72,
0.00,6.72,59.00,10.33,0.00,6.72,
0.00,6.72,60.00,10.40,0.00,6.72,
0.00,6.72,61.00,10.48,0.00,6.72,
0.00,6.72,61.00,10.48,0.00,6.72,
0.00,6.72,61.00,10.48,0.00,6.72,
0.00,6.72,61.00,10.48,0.00,6.72,
0.00,6.72,61.00,10.48,0.00,6.72,
0.00,6.72,60.00,10.40,0.00,6.72,
0.00,6.72,60.00,10.40,0.00,6.72,
0.00,6.72,59.00,10.33,0.00,6.72,
0.00,6.72,59.00,10.33,0.00,6.72,
0.00,6.72,61.00,10.48,0.00,6.72,
0.00,6.72,60.00,10.40,0.00,6.72,
0.00,6.72,60.00,10.40,0.00,6.72,
0.00,6.72,60.00,10.40,0.00,6.72,
0.00,6.72,60.00,10.40,0.00,6.72,
0.00,6.72,61.00,10.48,0.00,6.72,
0.00,6.72,62.00,10.55,0.00,6.72,
0.00,6.72,61.00,10.48,0.00,6.72,
0.00,6.72,61.00,10.48,0.00,6.72,
0.00,6.72,61.00,10.48,0.00,6.72,
0.00,6.72,61.00,10.48,0.00,6.72,
0.00,6.72,61.00,10.48,0.00,6.72,
0.00,6.72,62.00,10.55,0.00,6.72,
0.00,6.72,62.00,10.55,0.00,6.72,
0.00,6.72,62.00,10.55,0.00,6.72,
0.00,6.72,62.00,10.55,0.00,6.72,
0.00,6.72,62.00,10.55,0.00,6.72,
0.00,6.72,61.00,10.48,0.00,6.72,
0.00,6.72,63.00,10.63,0.00,6.72,
0.00,6.72,62.00,10.55,0.00,6.72,
0.00,6.72,62.00,10.55,0.00,6.72,
0.00,6.72,62.00,10.55,0.00,6.72,
0.00,6.72,61.00,10.48,0.00,6.72,
0.00,6.72,61.00,10.48,0.00,6.72,
0.00,6.72,60.00,10.40,0.00,6.72,
0.00,6.72,61.00,10.48,0.00,6.72,
0.00,6.72,61.00,10.48,0.00,6.72,
0.00,6.72,61.00,10.48,0.00,6.72,
0.00,6.72,60.00,10.40,0.00,6.72,
0.00,6.72,61.00,10.48,0.00,6.72,
0.00,6.72,61.00,10.48,0.00,6.72,
0.00,6.72,61.00,10.48,0.00,6.72,
0.00,6.72,61.00,10.48,0.00,6.72,
0.00,6.72,60.00,10.40,0.00,6.72,
0.00,6.72,59.00,10.33,0.00,6.72,
0.00,6.72,59.00,10.33,0.00,6.72,
0.00,6.72,59.00,10.33,0.00,6.72,
0.00,6.72,58.00,10.25,0.00,6.72,
0.00,6.72,55.00,10.03,0.00,6.72,
0.00,6.72,58.00,10.25,0.00,6.72,
0.00,6.72,58.00,10.25,0.00,6.72,
0.00,6.72,58.00,10.25,0.00,6.72,
0.00,6.72,56.00,10.10,0.00,6.72,
0.00,6.72,57.00,10.18,0.00,6.72,
0.00,6.72,56.00,10.10,0.00,6.72,
0.00,6.72,55.00,10.03,0.00,6.72,
0.00,6.72,55.00,10.03,0.00,6.72,
0.00,6.72,55.00,10.03,0.00,6.72,
0.00,6.72,54.00,9.96,0.00,6.72,
0.00,6.72,55.00,10.03,0.00,6.72,
0.00,6.72,56.00,10.10,0.00,6.72,
0.00,6.72,55.00,10.03,0.00,6.72,
0.00,6.72,54.00,9.96,0.00,6.72,
0.00,6.72,55.00,10.03,0.00,6.72,
0.00,6.72,54.00,9.96,0.00,6.72,
0.00,6.72,54.00,9.96,0.00,6.72,
0.00,6.72,55.00,10.03,0.00,6.72,
0.00,6.72,52.00,9.81,0.00,6.72,
0.00,6.72,53.00,9.89,0.00,6.72,
0.00,6.72,52.00,9.81,0.00,6.72,
0.00,6.72,53.00,9.89,0.00,6.72,
0.00,6.72,54.00,9.96,0.00,6.72,
0.00,6.72,55.00,10.03,0.00,6.72,
0.00,6.72,54.00,9.96,0.00,6.72,
0.00,6.72,54.00,9.96,0.00,6.72,
0.00,6.72,53.00,9.89,0.00,6.72,
0.00,6.72,54.00,9.96,0.00,6.72,
0.00,6.72,55.00,10.03,0.00,6.72,
0.00,6.72,54.00,9.96,0.00,6.72,
0.00,6.72,52.00,9.81,0.00,6.72,
0.00,6.72,53.00,9.89,0.00,6.72,
0.00,6.72,53.00,9.89,0.00,6.72,
0.00,6.72,52.00,9.81,0.00,6.72,
0.00,6.72,54.00,9.96,0.00,6.72,
0.00,6.72,53.00,9.89,0.00,6.72,
0.00,6.72,52.00,9.81,0.00,6.72,
0.00,6.72,51.00,9.74,0.00,6.72,
35.00,8.67,24.00,8.01,0.00,6.72,
0.00,6.72,396.00,119.66,108.00,14.75,
0.00,6.72,140.00,18.61,0.00,6.72,
0.00,6.72,22.00,7.89,0.00,6.72,
0.00,6.72,0.00,6.72,0.00,6.72,
0.00,6.72,0.00,6.72,0.00,6.72,
0.00,6.72,0.00,6.72,0.00,6.72,
0.00,6.72,0.00,6.72,0.00,6.72,
0.00,6.72,0.00,6.72,0.00,6.72,
0.00,6.72,0.00,6.72,0.00,6.72,
0.00,6.72,0.00,6.72,0.00,6.72,
0.00,6.72,0.00,6.72,0.00,6.72,
0.00,6.72,0.00,6.72,0.00,6.72,
0.00,6.72,0.00,6.72,0.00,6.72,
0.00,6.72,0.00,6.72,0.00,6.72,
0.00,6.72,0.00,6.72,0.00,6.72,
0.00,6.72,0.00,6.72,0.00,6.72,
0.00,6.72,0.00,6.72,0.00,6.72,
0.00,6.72,0.00,6.72,0.00,6.72,
0.00,6.72,0.00,6.72,0.00,6.72,
0.00,6.72,0.00,6.72,0.00,6.72,
0.00,6.72,0.00,6.72,0.00,6.72,
0.00,6.72,0.00,6.72,0.00,6.72,
0.00,6.72,0.00,6.72,0.00,6.72,
0.00,6.72,0.00,6.72,0.00,6.72,
0.00,6.72,0.00,6.72,0.00,6.72,
0.00,6.72,0.00,6.72,0.00,6.72,
0.00,6.72,0.00,6.72,0.00,6.72,
0.00,6.72,0.00,6.72,0.00,6.72,
0.00,6.72,0.00,6.72,0.00,6.72,
0.00,6.72,0.00,6.72,0.00,6.72,
0.00,6.72,0.00,6.72,0.00,6.72,
0.00,6.72,0.00,6.72,0.00,6.72,
0.00,6.72,0.00,6.72,0.00,6.72,
0.00,6.72,0.00,6.72,0.00,6.72,
0.00,6.72,0.00,6.72,0.00,6.72,
0.00,6.72,0.00,6.72,0.00,6.72,
0.00,6.72,0.00,6.72,0.00,6.72,
0.00,6.72,0.00,6.72,0.00,6.72,
0.00,6.72,0.00,6.72,0.00,6.72,
0.00,6.72,0.00,6.72,0.00,6.72,
0.00,6.72,0.00,6.72,0.00,6.72,
0.00,6.72,0.00,6.72,0.00,6.72,
0.00,6.72,0.00,6.72,0.00,6.72,
0.00,6.72,0.00,6.72,0.00,6.72,
0.00,6.72,0.00,6.72,0.00,6.72,
0.00,6.72,0.00,6.72,0.00,6.72,
0.00,6.72,0.00,6.72,0.00,6.72,
0.00,6.72,0.00,6.72,0.00,6.72,
0.00,6.72,0.00,6.72,0.00,6.72,
0.00,6.72,0.00,6.72,0.00,6.72,
0.00,6.72,0.00,6.72,0.00,6.72,
0.00,6.72,0.00,6.72,0.00,6.72,
0.00,6.72,0.00,6.72,0.00,6.72,
0.00,6.72,0.00,6.72,0.00,6.72,
0.00,6.72,0.00,6.72,0.00,6.72,
0.00,6.72,0.00,6.72,0.00,6.72,
0.00,6.72,0.00,6.72,0.00,6.72,
0.00,6.72,0.00,6.72,0.00,6.72,
0.00,6.72,0.00,6.72,0.00,6.72,
0.00,6.72,0.00,6.72,0.00,6.72,
0.00,6.72,0.00,6.72,0.00,6.72,
0.00,6.72,0.00,6.72,0.00,6.72,
0.00,6.72,0.00,6.72,0.00,6.72,
0.00,6.72,0.00,6.72,0.00,6.72,
0.00,6.72,0.00,6.72,0.00,6.72,
0.00,6.72,0.00,6.72,0.00,6.72,
0.00,6.72,0.00,6.72,0.00,6.72,
0.00,6.72,0.00,6.72,0.00,6.72,
0.00,6.72,0.00,6.72,0.00,6.72,
0.00,6.72,0.00,6.72,0.00,6.72,
0.00,6.72,0.00,6.72,0.00,6.72,
0.00,6.72,0.00,6.72,0.00,6.72,
0.00,6.72,0.00,6.72,0.00,6.72,
0.00,6.72,0.00,6.72,0.00,6.72,
0.00,6.72,0.00,6.72,0.00,6.72,
0.00,6.72,0.00,6.72,0.00,6.72,
0.00,6.72,0.00,6.72,0.00,6.72,
0.00,6.72,0.00,6.72,0.00,6.72,
0.00,6.72,0.00,6.72,0.00,6.72,
0.00,6.72,0.00,6.72,0.00,6.72,
0.00,6.72,0.00,6.72,0.00,6.72,
0.00,6.72,0.00,6.72,0.00,6.72,
0.00,6.72,0.00,6.72,0.00,6.72,
0.00,6.72,0.00,6.72,0.00,6.72,
0.00,6.72,0.00,6.72,0.00,6.72,
0.00,6.72,0.00,6.72,0.00,6.72,
0.00,6.72,0.00,6.72,0.00,6.72,
0.00,6.72,0.00,6.72,0.00,6.72,
0.00,6.72,0.00,6.72,0.00,6.72,
0.00,6.72,0.00,6.72,0.00,6.72,
0.00,6.72,0.00,6.72,0.00,6.72,
0.00,6.72,0.00,6.72,0.00,6.72,
0.00,6.72,0.00,6.72,0.00,6.72,
0.00,6.72,0.00,6.72,0.00,6.72,
0.00,6.72,0.00,6.72,0.00,6.72,
0.00,6.72,0.00,6.72,0.00,6.72,
0.00,6.72,0.00,6.72,0.00,6.72,
0.00,6.72,0.00,6.72,0.00,6.72,
0.00,6.72,0.00,6.72,0.00,6.72,
0.00,6.72,0.00,6.72,0.00,6.72,
0.00,6.72,0.00,6.72,0.00,6.72,
0.00,6.72,0.00,6.72,0.00,6.72,
0.00,6.72,0.00,6.72,0.00,6.72,
0.00,6.72,0.00,6.72,0.00,6.72,
0.00,6.72,0.00,6.72,0.00,6.72,
0.00,6.72,0.00,6.72,0.00,6.72,
0.00,6.72,0.00,6.72,0.00,6.72,
0.00,6.72,0.00,6.72,0.00,6.72,
0.00,6.72,0.00,6.72,0.00,6.72,
0.00,6.72,0.00,6.72,0.00,6.72,
0.00,6.72,0.00,6.72,0.00,6.72,
0.00,6.72,0.00,6.72,0.00,6.72,
0.00,6.72,0.00,6.72,0.00,6.72,
0.00,6.72,0.00,6.72,0.00,6.72,
0.00,6.72,0.00,6.72,0.00,6.72,
0.00,6.72,0.00,6.72,0.00,6.72,
0.00,6.72,0.00,6.72,0.00,6.72,
0.00,6.72,0.00,6.72,0.00,6.72,
0.00,6.72,0.00,6.72,0.00,6.72,
0.00,6.72,0.00,6.72,0.00,6.72,
0.00,6.72,0.00,6.72,0.00,6.72,
0.00,6.72,0.00,6.72,0.00,6.72,
0.00,6.72,0.00,6.72,0.00,6.72,
0.00,6.72,0.00,6.72,0.00,6.72,
0.00,6.72,0.00,6.72,0.00,6.72,
0.00,6.72,0.00,6.72,0.00,6.72,
0.00,6.72,0.00,6.72,0.00,6.72,
0.00,6.72,0.00,6.72,0.00,6.72,
0.00,6.72,0.00,6.72,0.00,6.72,
0.00,6.72,0.00,6.72,0.00,6.72,
0.00,6.72,0.00,6.72,0.00,6.72,
0.00,6.72,0.00,6.72,0.00,6.72,
0.00,6.72,0.00,6.72,0.00,6.72,
0.00,6.72,0.00,6.72,0.00,6.72,
0.00,6.72,0.00,6.72,0.00,6.72,
0.00,6.72,0.00,6.72,0.00,6.72,
0.00,6.72,0.00,6.72,0.00,6.72,
0.00,6.72,0.00,6.72,0.00,6.72,
0.00,6.72,0.00,6.72,0.00,6.72,
0.00,6.72,0.00,6.72,0.00,6.72,
0.00,6.72,0.00,6.72,0.00,6.72,
0.00,6.72,0.00,6.72,0.00,6.72,
0.00,6.72,0.00,6.72,0.00,6.72,
0.00,6.72,0.00,6.72,0.00,6.72,
0.00,6.72,0.00,6.72,0.00,6.72,
0.00,6.72,0.00,6.72,0.00,6.72,
0.00,6.72,0.00,6.72,0.00,6.72,
0.00,6.72,0.00,6.72,0.00,6.72,
0.00,6.72,0.00,6.72,0.00,6.72,
0.00,6.72,0.00,6.72,0.00,6.72,
0.00,6.72,0.00,6.72,0.00,6.72,
0.00,6.72,0.00,6.72,0.00,6.72,
0.00,6.72,0.00,6.72,0.00,6.72,
0.00,6.72,0.00,6.72,0.00,6.72,
0.00,6.72,0.00,6.72,0.00,6.72,
0.00,6.72,0.00,6.72,0.00,6.72,
0.00,6.72,0.00,6.72,0.00,6.72,
0.00,6.72,0.00,6.72,0.00,6.72,
0.00,6.72,0.00,6.72,0.00,6.72,
0.00,6.72,0.00,6.72,0.00,6.72,
0.00,6.72,0.00,6.72,0.00,6.72,
0.00,6.72,0.00,6.72,0.00,6.72,
0.00,6.72,0.00,6.72,0.00,6.72,
0.00,6.72,0.00,6.72,0.00,6.72,
0.00,6.72,0.00,6.72,0.00,6.72,
0.00,6.72,0.00,6.72,0.00,6.72,
0.00,6.72,0.00,6.72,0.00,6.72,
0.00,6.72,0.00,6.72,0.00,6.72,
0.00,6.72,0.00,6.72,0.00,6.72,
0.00,6.72,0.00,6.72,0.00,6.72,
0.00,6.72,0.00,6.72,0.00,6.72,
0.00,6.72,0.00,6.72,0.00,6.72,
0.00,6.72,0.00,6.72,0.00,6.72,
0.00,6.72,0.00,6.72,0.00,6.72,
0.00,6.72,0.00,6.72,0.00,6.72,
0.00,6.72,0.00,6.72,0.00,6.72,
0.00,6.72,0.00,6.72,0.00,6.72,
0.00,6.72,0.00,6.72,0.00,6.72,
0.00,6.72,0.00,6.72,0.00,6.72,
0.00,6.72,0.00,6.72,0.00,6.72,
0.00,6.72,0.00,6.72,0.00,6.72,
0.00,6.72,0.00,6.72,0.00,6.72,
0.00,6.72,0.00,6.72,0.00,6.72,
0.00,6.72,0.00,6.72,0.00,6.72,
0.00,6.72,0.00,6.72,0.00,6.72,
0.00,6.72,0.00,6.72,0.00,6.72,
0.00,6.72,0.00,6.72,0.00,6.72,
0.00,6.72,0.00,6.72,0.00,6.72,
0.00,6.72,0.00,6.72,0.00,6.72,
0.00,6.72,0.00,6.72,0.00,6.72,
0.00,6.72,0.00,6.72,0.00,6.72,
0.00,6.72,0.00,6.72,0.00,6.72,
0.00,6.72,0.00,6.72,0.00,6.72,
0.00,6.72,0.00,6.72,0.00,6.72,
0.00,6.72,0.00,6.72,0.00,6.72,
0.00,6.72,0.00,6.72,0.00,6.72,
0.00,6.72,0.00,6.72,0.00,6.72,
0.00,6.72,0.00,6.72,0.00,6.72,
0.00,6.72,0.00,6.72,0.00,6.72,
0.00,6.72,0.00,6.72,0.00,6.72,
0.00,6.72,0.00,6.72,0.00,6.72,
0.00,6.72,0.00,6.72,0.00,6.72,
0.00,6.72,0.00,6.72,0.00,6.72,
0.00,6.72,0.00,6.72,0.00,6.72,
0.00,6.72,0.00,6.72,0.00,6.72,
0.00,6.72,0.00,6.72,0.00,6.72,
0.00,6.72,0.00,6.72,0.00,6.72,
0.00,6.72,0.00,6.72,0.00,6.72,
0.00,6.72,0.00,6.72,0.00,6.72,
0.00,6.72,0.00,6.72,0.00,6.72,
0.00,6.72,0.00,6.72,0.00,6.72,
0.00,6.72,0.00,6.72,0.00,6.72,
0.00,6.72,0.00,6.72,0.00,6.72,
0.00,6.72,0.00,6.72,0.00,6.72,
0.00,6.72,0.00,6.72,0.00,6.72,
0.00,6.72,0.00,6.72,0.00,6.72,
0.00,6.72,0.00,6.72,0.00,6.72,
0.00,6.72,0.00,6.72,0.00,6.72,
0.00,6.72,0.00,6.72,0.00,6.72,
0.00,6.72,0.00,6.72,0.00,6.72,
0.00,6.72,0.00,6.72,0.00,6.72,
0.00,6.72,0.00,6.72,0.00,6.72,
0.00,6.72,0.00,6.72,0.00,6.72,
0.00,6.72,0.00,6.72,0.00,6.72,
0.00,6.72,0.00,6.72,0.00,6.72,
0.00,6.72,0.00,6.72,0.00,6.72,
0.00,6.72,0.00,6.72,0.00,6.72,
0.00,6.72,0.00,6.72,0.00,6.72,
0.00,6.72,0.00,6.72,0.00,6.72,
0.00,6.72,0.00,6.72,0.00,6.72,
0.00,6.72,0.00,6.72,0.00,6.72,
0.00,6.72,0.00,6.72,0.00,6.72,
0.00,6.72,0.00,6.72,0.00,6.72,
0.00,6.72,0.00,6.72,0.00,6.72,
0.00,6.72,0.00,6.72,0.00,6.72,
0.00,6.72,0.00,6.72,0.00,6.72,
0.00,6.72,0.00,6.72,0.00,6.72,
0.00,6.72,0.00,6.72,0.00,6.72,
0.00,6.72,0.00,6.72,0.00,6.72,
0.00,6.72,0.00,6.72,0.00,6.72,
0.00,6.72,0.00,6.72,0.00,6.72,
0.00,6.72,0.00,6.72,0.00,6.72,
0.00,6.72,0.00,6.72,0.00,6.72,
0.00,6.72,0.00,6.72,0.00,6.72,
0.00,6.72,0.00,6.72,0.00,6.72,
0.00,6.72,0.00,6.72,0.00,6.72,
0.00,6.72,0.00,6.72,0.00,6.72,
0.00,6.72,0.00,6.72,0.00,6.72,
0.00,6.72,0.00,6.72,0.00,6.72,
0.00,6.72,0.00,6.72,0.00,6.72,
0.00,6.72,0.00,6.72,0.00,6.72,
0.00,6.72,0.00,6.72,0.00,6.72,
0.00,6.72,0.00,6.72,0.00,6.72,
0.00,6.72,0.00,6.72,0.00,6.72,
0.00,6.72,0.00,6.72,0.00,6.72,
0.00,6.72,0.00,6.72,0.00,6.72,
0.00,6.72,0.00,6.72,0.00,6.72,
0.00,6.72,0.00,6.72,0.00,6.72,
0.00,6.72,0.00,6.72,0.00,6.72,
0.00,6.72,0.00,6.72,0.00,6.72,
0.00,6.72,0.00,6.72,0.00,6.72,
0.00,6.72,0.00,6.72,0.00,6.72,
0.00,6.72,0.00,6.72,0.00,6.72,
0.00,6.72,0.00,6.72,0.00,6.72,
0.00,6.72,0.00,6.72,0.00,6.72,
0.00,6.72,0.00,6.72,0.00,6.72,
0.00,6.72,0.00,6.72,0.00,6.72,
0.00,6.72,0.00,6.72,0.00,6.72,
0.00,6.72,0.00,6.72,0.00,6.72,
0.00,6.72,0.00,6.72,0.00,6.72,
0.00,6.72,0.00,6.72,0.00,6.72,
0.00,6.72,0.00,6.72,0.00,6.72,
0.00,6.72,0.00,6.72,0.00,6.72,
0.00,6.72,0.00,6.72,0.00,6.72,
0.00,6.72,0.00,6.72,0.00,6.72,
0.00,6.72,0.00,6.72,0.00,6.72,
0.00,6.72,0.00,6.72,0.00,6.72,
0.00,6.72,0.00,6.72,0.00,6.72,
0.00,6.72,0.00,6.72,0.00,6.72,
0.00,6.72,0.00,6.72,0.00,6.72,
0.00,6.72,0.00,6.72,0.00,6.72,
0.00,6.72,0.00,6.72,0.00,6.72,
0.00,6.72,0.00,6.72,0.00,6.72,
0.00,6.72,0.00,6.72,0.00,6.72,
0.00,6.72,0.00,6.72,0.00,6.72,
0.00,6.72,0.00,6.72,0.00,6.72,
0.00,6.72,0.00,6.72,0.00,6.72,
0.00,6.72,0.00,6.72,0.00,6.72,
0.00,6.72,0.00,6.72,0.00,6.72,
0.00,6.72,0.00,6.72,0.00,6.72,
0.00,6.72,0.00,6.72,0.00,6.72,
0.00,6.72,0.00,6.72,0.00,6.72,
0.00,6.72,0.00,6.72,0.00,6.72,
0.00,6.72,0.00,6.72,0.00,6.72,
0.00,6.72,0.00,6.72,0.00,6.72,
0.00,6.72,0.00,6.72,0.00,6.72,
0.00,6.72,0.00,6.72,0.00,6.72,
0.00,6.72,0.00,6.72,0.00,6.72,
0.00,6.72,0.00,6.72,0.00,6.72,
0.00,6.72,0.00,6.72,0.00,6.72,
0.00,6.72,0.00,6.72,0.00,6.72,
0.00,6.72,0.00,6.72,0.00,6.72,
0.00,6.72,0.00,6.72,0.00,6.72,
0.00,6.72,0.00,6.72,0.00,6.72,
0.00,6.72,0.00,6.72,0.00,6.72,
0.00,6.72,0.00,6.72,0.00,6.72,
0.00,6.72,0.00,6.72,0.00,6.72,
0.00,6.72,0.00,6.72,0.00,6.72,
0.00,6.72,0.00,6.72,0.00,6.72,
0.00,6.72,0.00,6.72,0.00,6.72,
0.00,6.72,0.00,6.72,0.00,6.72,
0.00,6.72,0.00,6.72,0.00,6.72,
0.00,6.72,0.00,6.72,0.00,6.72,
0.00,6.72,0.00,6.72,0.00,6.72,
0.00,6.72,0.00,6.72,0.00,6.72,
0.00,6.72,0.00,6.72,0.00,6.72,
0.00,6.72,0.00,6.72,0.00,6.72,
0.00,6.72,0.00,6.72,0.00,6.72,
0.00,6.72,0.00,6.72,0.00,6.72,
0.00,6.72,0.00,6.72,0.00,6.72,
0.00,6.72,0.00,6.72,0.00,6.72,
0.00,6.72,0.00,6.72,0.00,6.72,
0.00,6.72,0.00,6.72,0.00,6.72,
0.00,6.72,0.00,6.72,0.00,6.72,
0.00,6.72,0.00,6.72,0.00,6.72,
0.00,6.72,0.00,6.72,0.00,6.72,
0.00,6.72,0.00,6.72,0.00,6.72,
0.00,6.72,0.00,6.72,0.00,6.72,
0.00,6.72,0.00,6.72,0.00,6.72,
0.00,6.72,0.00,6.72,0.00,6.72,
0.00,6.72,0.00,6.72,0.00,6.72,
0.00,6.72,0.00,6.72,0.00,6.72,
0.00,6.72,0.00,6.72,0.00,6.72,
0.00,6.72,0.00,6.72,0.00,6.72,
0.00,6.72,0.00,6.72,0.00,6.72,
0.00,6.72,0.00,6.72,0.00,6.72,
0.00,6.72,0.00,6.72,0.00,6.72,
0.00,6.72,0.00,6.72,0.00,6.72,
0.00,6.72,0.00,6.72,0.00,6.72,
0.00,6.72,0.00,6.72,0.00,6.72,
0.00,6.72,0.00,6.72,0.00,6.72,
0.00,6.72,0.00,6.72,0.00,6.72,
0.00,6.72,0.00,6.72,0.00,6.72,
0.00,6.72,0.00,6.72,0.00,6.72,
0.00,6.72,0.00,6.72,0.00,6.72,
0.00,6.72,0.00,6.72,0.00,6.72,
0.00,6.72,0.00,6.72,0.00,6.72,
0.00,6.72,0.00,6.72,0.00,6.72,
0.00,6.72,0.00,6.72,0.00,6.72,
0.00,6.72,0.00,6.72,0.00,6.72,
0.00,6.72,0.00,6.72,0.00,6.72,
0.00,6.72,0.00,6.72,0.00,6.72,
0.00,6.72,0.00,6.72,0.00,6.72,
0.00,6.72,0.00,6.72,0.00,6.72,
0.00,6.72,0.00,6.72,0.00,6.72,
0.00,6.72,0.00,6.72,0.00,6.72,
0.00,6.72,0.00,6.72,0.00,6.72,
0.00,6.72,0.00,6.72,0.00,6.72,
0.00,6.72,0.00,6.72,0.00,6.72,
0.00,6.72,0.00,6.72,0.00,6.72,
0.00,6.72,0.00,6.72,0.00,6.72,
0.00,6.72,0.00,6.72,0.00,6.72,
0.00,6.72,0.00,6.72,0.00,6.72,
0.00,6.72,0.00,6.72,0.00,6.72,
0.00,6.72,0.00,6.72,0.00,6.72,
0.00,6.72,0.00,6.72,0.00,6.72,
0.00,6.72,0.00,6.72,0.00,6.72,
0.00,6.72,0.00,6.72,0.00,6.72,
0.00,6.72,0.00,6.72,0.00,6.72,
0.00,6.72,0.00,6.72,0.00,6.72,
0.00,6.72,0.00,6.72,0.00,6.72,
0.00,6.72,0.00,6.72,0.00,6.72,
0.00,6.72,0.00,6.72,0.00,6.72,
0.00,6.72,0.00,6.72,0.00,6.72,
0.00,6.72,0.00,6.72,0.00,6.72,
0.00,6.72,0.00,6.72,0.00,6.72,
0.00,6.72,0.00,6.72,0.00,6.72,
0.00,6.72,0.00,6.72,0.00,6.72,
0.00,6.72,0.00,6.72,0.00,6.72,
0.00,6.72,0.00,6.72,0.00,6.72,
0.00,6.72,0.00,6.72,0.00,6.72,
0.00,6.72,0.00,6.72,0.00,6.72,
0.00,6.72,0.00,6.72,0.00,6.72,
0.00,6.72,0.00,6.72,0.00,6.72,
0.00,6.72,0.00,6.72,0.00,6.72,
0.00,6.72,0.00,6.72,0.00,6.72,
0.00,6.72,0.00,6.72,0.00,6.72,
0.00,6.72,0.00,6.72,0.00,6.72,
0.00,6.72,0.00,6.72,0.00,6.72,
0.00,6.72,0.00,6.72,0.00,6.72,
0.00,6.72,0.00,6.72,0.00,6.72,
0.00,6.72,0.00,6.72,0.00,6.72,
0.00,6.72,0.00,6.72,0.00,6.72,
0.00,6.72,0.00,6.72,0.00,6.72,
0.00,6.72,0.00,6.72,0.00,6.72,
0.00,6.72,0.00,6.72,0.00,6.72,
0.00,6.72,0.00,6.72,0.00,6.72,
0.00,6.72,0.00,6.72,0.00,6.72,
0.00,6.72,0.00,6.72,0.00,6.72,
0.00,6.72,0.00,6.72,0.00,6.72,
0.00,6.72,0.00,6.72,0.00,6.72,
0.00,6.72,0.00,6.72,0.00,6.72,
0.00,6.72,0.00,6.72,0.00,6.72,
0.00,6.72,0.00,6.72,0.00,6.72,
0.00,6.72,0.00,6.72,0.00,6.72,
0.00,6.72,0.00,6.72,0.00,6.72,
0.00,6.72,0.00,6.72,0.00,6.72,
0.00,6.72,0.00,6.72,0.00,6.72,
0.00,6.72,0.00,6.72,0.00,6.72,
0.00,6.72,0.00,6.72,0.00,6.72,
0.00,6.72,0.00,6.72,0.00,6.72,
0.00,6.72,0.00,6.72,0.00,6.72,
0.00,6.72,0.00,6.72,0.00,6.72,
0.00,6.72,0.00,6.72,0.00,6.72,
0.00,6.72,0.00,6.72,0.00,6.72,
0.00,6.72,0.00,6.72,0.00,6.72,
0.00,6.72,0.00,6.72,0.00,6.72,
0.00,6.72,0.00,6.72,0.00,6.72,
0.00,6.72,0.00,6.72,0.00,6.72,
0.00,6.72,0.00,6.72,0.00,6.72,
0.00,6.72,0.00,6.72,0.00,6.72,
0.00,6.72,0.00,6.72,0.00,6.72,
0.00,6.72,0.00,6.72,0.00,6.72,
0.00,6.72,0.00,6.72,0.00,6.72,
0.00,6.72,0.00,6.72,0.00,6.72,
0.00,6.72,0.00,6.72,0.00,6.72,
0.00,6.72,0.00,6.72,0.00,6.72,
0.00,6.72,0.00,6.72,0.00,6.72,
0.00,6.72,0.00,6.72,0.00,6.72,
0.00,6.72,0.00,6.72,0.00,6.72,
0.00,6.72,0.00,6.72,0.00,6.72,
0.00,6.72,0.00,6.72,0.00,6.72,
0.00,6.72,0.00,6.72,0.00,6.72,
0.00,6.72,0.00,6.72,0.00,6.72,
0.00,6.72,0.00,6.72,0.00,6.72,
0.00,6.72,0.00,6.72,0.00,6.72,
0.00,6.72,0.00,6.72,0.00,6.72,
0.00,6.72,0.00,6.72,0.00,6.72,
0.00,6.72,0.00,6.72,0.00,6.72,
0.00,6.72,0.00,6.72,0.00,6.72,
0.00,6.72,0.00,6.72,0.00,6.72,
0.00,6.72,0.00,6.72,0.00,6.72,
0.00,6.72,0.00,6.72,0.00,6.72,
0.00,6.72,0.00,6.72,0.00,6.72,
0.00,6.72,0.00,6.72,0.00,6.72,
0.00,6.72,0.00,6.72,0.00,6.72,
0.00,6.72,0.00,6.72,0.00,6.72,
0.00,6.72,0.00,6.72,0.00,6.72,
0.00,6.72,0.00,6.72,0.00,6.72,
0.00,6.72,0.00,6.72,0.00,6.72,
0.00,6.72,0.00,6.72,0.00,6.72,
0.00,6.72,0.00,6.72,0.00,6.72,
0.00,6.72,0.00,6.72,0.00,6.72,
0.00,6.72,0.00,6.72,0.00,6.72,
0.00,6.72,0.00,6.72,0.00,6.72,
0.00,6.72,0.00,6.72,0.00,6.72,
0.00,6.72,0.00,6.72,0.00,6.72,
0.00,6.72,0.00,6.72,0.00,6.72,
0.00,6.72,0.00,6.72,0.00,6.72,
0.00,6.72,0.00,6.72,0.00,6.72,
0.00,6.72,0.00,6.72,0.00,6.72,
0.00,6.72,0.00,6.72,0.00,6.72,
0.00,6.72,0.00,6.72,0.00,6.72,
0.00,6.72,0.00,6.72,0.00,6.72,
0.00,6.72,0.00,6.72,0.00,6.72,
0.00,6.72,0.00,6.72,0.00,6.72,
0.00,6.72,0.00,6.72,0.00,6.72,
0.00,6.72,0.00,6.72,0.00,6.72,
0.00,6.72,0.00,6.72,0.00,6.72,
0.00,6.72,0.00,6.72,0.00,6.72,
0.00,6.72,0.00,6.72,0.00,6.72,
0.00,6.72,0.00,6.72,0.00,6.72,
0.00,6.72,0.00,6.72,0.00,6.72,
0.00,6.72,0.00,6.72,0.00,6.72,
0.00,6.72,0.00,6.72,0.00,6.72,
0.00,6.72,0.00,6.72,0.00,6.72,
0.00,6.72,0.00,6.72,0.00,6.72,
0.00,6.72,0.00,6.72,0.00,6.72,
0.00,6.72,0.00,6.72,0.00,6.72,
0.00,6.72,0.00,6.72,0.00,6.72,
0.00,6.72,0.00,6.72,0.00,6.72,
0.00,6.72,0.00,6.72,0.00,6.72,
0.00,6.72,0.00,6.72,0.00,6.72,
0.00,6.72,0.00,6.72,0.00,6.72,
0.00,6.72,0.00,6.72,0.00,6.72,
0.00,6.72,0.00,6.72,0.00,6.72,
0.00,6.72,0.00,6.72,0.00,6.72,
0.00,6.72,0.00,6.72,0.00,6.72,
0.00,6.72,0.00,6.72,0.00,6.72,
0.00,6.72,0.00,6.72,0.00,6.72,
0.00,6.72,0.00,6.72,0.00,6.72,
0.00,6.72,0.00,6.72,0.00,6.72,
0.00,6.72,0.00,6.72,0.00,6.72,
0.00,6.72,0.00,6.72,0.00,6.72,
0.00,6.72,0.00,6.72,0.00,6.72,
0.00,6.72,0.00,6.72,0.00,6.72,
0.00,6.72,0.00,6.72,0.00,6.72,
0.00,6.72,0.00,6.72,0.00,6.72,
0.00,6.72,0.00,6.72,0.00,6.72,
0.00,6.72,0.00,6.72,0.00,6.72,
0.00,6.72,0.00,6.72,0.00,6.72,
0.00,6.72,0.00,6.72,0.00,6.72,
0.00,6.72,0.00,6.72,0.00,6.72,
0.00,6.72,0.00,6.72,0.00,6.72,
0.00,6.72,0.00,6.72,0.00,6.72,
0.00,6.72,0.00,6.72,0.00,6.72,
0.00,6.72,0.00,6.72,0.00,6.72,
0.00,6.72,0.00,6.72,0.00,6.72,
0.00,6.72,0.00,6.72,0.00,6.72,
0.00,6.72,0.00,6.72,0.00,6.72,
0.00,6.72,0.00,6.72,0.00,6.72,
0.00,6.72,0.00,6.72,0.00,6.72,
0.00,6.72,0.00,6.72,0.00,6.72,
0.00,6.72,0.00,6.72,0.00,6.72,
------------NEW LOG-----------
0.00,6.72,306.00,62.20,235.00,37.12,
0.00,6.72,306.00,62.20,235.00,37.12,
0.00,6.72,306.00,62.20,236.00,37.39,
0.00,6.72,306.00,62.20,236.00,37.39,
0.00,6.72,306.00,62.20,235.00,37.12,
0.00,6.72,306.00,62.20,236.00,37.39,
0.00,6.72,306.00,62.20,236.00,37.39,
0.00,6.72,306.00,62.20,235.00,37.12,
0.00,6.72,306.00,62.20,236.00,37.39,
0.00,6.72,306.00,62.20,236.00,37.39,
0.00,6.72,306.00,62.20,236.00,37.39,
0.00,6.72,306.00,62.20,236.00,37.39,
0.00,6.72,306.00,62.20,236.00,37.39,
0.00,6.72,306.00,62.20,235.00,37.12,
0.00,6.72,306.00,62.20,236.00,37.39,
0.00,6.72,306.00,62.20,236.00,37.39,
0.00,6.72,306.00,62.20,236.00,37.39,
0.00,6.72,306.00,62.20,236.00,37.39,
0.00,6.72,306.00,62.20,235.00,37.12,
0.00,6.72,306.00,62.20,236.00,37.39,
0.00,6.72,306.00,62.20,236.00,37.39,
0.00,6.72,306.00,62.20,236.00,37.39,
0.00,6.72,306.00,62.20,236.00,37.39,
0.00,6.72,306.00,62.20,236.00,37.39,
0.00,6.72,306.00,62.20,236.00,37.39,
0.00,6.72,306.00,62.20,236.00,37.39,
0.00,6.72,305.00,61.75,236.00,37.39,
0.00,6.72,305.00,61.75,236.00,37.39,
0.00,6.72,305.00,61.75,236.00,37.39,
0.00,6.72,306.00,62.20,236.00,37.39,
0.00,6.72,305.00,61.75,236.00,37.39,
0.00,6.72,305.00,61.75,236.00,37.39,
0.00,6.72,305.00,61.75,236.00,37.39,
0.00,6.72,306.00,62.20,236.00,37.39,
0.00,6.72,305.00,61.75,236.00,37.39,
0.00,6.72,305.00,61.75,236.00,37.39,
0.00,6.72,305.00,61.75,235.00,37.12,
0.00,6.72,305.00,61.75,236.00,37.39,
0.00,6.72,305.00,61.75,236.00,37.39,
0.00,6.72,305.00,61.75,236.00,37.39,
0.00,6.72,305.00,61.75,236.00,37.39,
0.00,6.72,305.00,61.75,236.00,37.39,
0.00,6.72,305.00,61.75,236.00,37.39,
0.00,6.72,306.00,62.20,235.00,37.12,
0.00,6.72,306.00,62.20,235.00,37.12,
0.00,6.72,306.00,62.20,235.00,37.12,
0.00,6.72,306.00,62.20,236.00,37.39,
0.00,6.72,306.00,62.20,236.00,37.39,
0.00,6.72,305.00,61.75,236.00,37.39,
0.00,6.72,304.00,61.30,236.00,37.39,
0.00,6.72,302.00,60.42,256.00,43.24,
0.00,6.72,202.00,29.20,240.00,38.50,
0.00,6.72,346.00,83.19,265.00,46.17,
0.00,6.72,378.00,104.98,224.00,34.27,
0.00,6.72,400.00,123.19,250.00,41.40,
0.00,6.72,414.00,136.39,300.00,59.55,
0.00,6.72,600.00,527.25,475.00,212.50,
0.00,6.72,645.00,731.29,608.00,558.82,
36.00,8.74,684.00,971.00,717.00,1234.26,
284.00,53.01,721.00,1270.68,748.00,1546.26,
548.00,361.28,832.00,2847.66,858.00,3440.13,
598.00,519.64,840.00,3018.18,859.00,3465.23,
599.00,523.43,841.00,3040.20,854.00,3341.54,
596.00,512.14,837.00,2953.07,851.00,3269.45,
592.00,497.46,837.00,2953.07,852.00,3293.30,
592.00,497.46,836.00,2931.68,851.00,3269.45,
594.00,504.74,835.00,2910.44,851.00,3269.45,
596.00,512.14,835.00,2910.44,850.00,3245.77,
593.00,501.09,836.00,2931.68,851.00,3269.45,
595.00,508.43,836.00,2931.68,850.00,3245.77,
591.00,493.85,836.00,2931.68,845.00,3129.91,
589.00,486.73,836.00,2931.68,844.00,3107.23,
587.00,479.70,835.00,2910.44,842.00,3062.38,
585.00,472.78,834.00,2889.36,842.00,3062.38,
586.00,476.23,834.00,2889.36,840.00,3018.18,
585.00,472.78,832.00,2847.66,840.00,3018.18,
585.00,472.78,832.00,2847.66,839.00,2996.32,
582.00,462.58,832.00,2847.66,839.00,2996.32,
581.00,459.23,831.00,2827.03,839.00,2996.32,
581.00,459.23,830.00,2806.55,840.00,3018.18,
583.00,465.95,831.00,2827.03,841.00,3040.20,
581.00,459.23,830.00,2806.55,840.00,3018.18,
580.00,455.90,830.00,2806.55,841.00,3040.20,
581.00,459.23,830.00,2806.55,841.00,3040.20,
581.00,459.23,830.00,2806.55,840.00,3018.18,
581.00,459.23,829.00,2786.22,840.00,3018.18,
581.00,459.23,828.00,2766.04,840.00,3018.18,
582.00,462.58,825.00,2706.37,839.00,2996.32,
579.00,452.60,826.00,2726.12,839.00,2996.32,
579.00,452.60,826.00,2726.12,839.00,2996.32,
578.00,449.32,825.00,2706.37,838.00,2974.62,
583.00,465.95,827.00,2746.01,840.00,3018.18,
583.00,465.95,825.00,2706.37,839.00,2996.32,
583.00,465.95,823.00,2667.31,840.00,3018.18,
583.00,465.95,824.00,2686.77,840.00,3018.18,
582.00,462.58,825.00,2706.37,838.00,2974.62,
581.00,459.23,822.00,2647.98,839.00,2996.32,
580.00,455.90,825.00,2706.37,839.00,2996.32,
579.00,452.60,825.00,2706.37,839.00,2996.32,
570.00,423.93,800.00,2256.61,668.00,864.38,
79.00,11.94,471.00,206.41,192.00,27.16,
0.00,6.72,188.00,26.38,189.00,26.57,
0.00,6.72,218.00,32.81,165.00,22.32,
0.00,6.72,202.00,29.20,132.00,17.56,
0.00,6.72,186.00,26.00,126.00,16.81,
0.00,6.72,169.00,22.97,125.00,16.69,
0.00,6.72,162.00,21.84,125.00,16.69,
0.00,6.72,170.00,23.14,127.00,16.93,
0.00,6.72,174.00,23.83,126.00,16.81,
0.00,6.72,168.00,22.81,129.00,17.18,
0.00,6.72,170.00,23.14,136.00,18.07,
0.00,6.72,169.00,22.97,135.00,17.94,
0.00,6.72,173.00,23.65,133.00,17.68,
0.00,6.72,171.00,23.31,117.00,15.74,
0.00,6.72,170.00,23.14,140.00,18.61,
0.00,6.72,169.00,22.97,140.00,18.61,
0.00,6.72,173.00,23.65,139.00,18.47,
0.00,6.72,172.00,23.48,142.00,18.88,
0.00,6.72,166.00,22.48,139.00,18.47,
0.00,6.72,164.00,22.15,136.00,18.07,
0.00,6.72,169.00,22.97,137.00,18.21,
0.00,6.72,169.00,22.97,137.00,18.21,
0.00,6.72,165.00,22.32,140.00,18.61,
0.00,6.72,167.00,22.64,140.00,18.61,
0.00,6.72,166.00,22.48,140.00,18.61,
0.00,6.72,165.00,22.32,146.00,19.44,
0.00,6.72,163.00,21.99,143.00,19.02,
0.00,6.72,162.00,21.84,145.00,19.30,
0.00,6.72,162.00,21.84,141.00,18.74,
0.00,6.72,160.00,21.52,145.00,19.30,
0.00,6.72,158.00,21.21,146.00,19.44,
0.00,6.72,157.00,21.06,145.00,19.30,
0.00,6.72,156.00,20.90,147.00,19.58,
0.00,6.72,157.00,21.06,147.00,19.58,
0.00,6.72,156.00,20.90,148.00,19.72,
0.00,6.72,156.00,20.90,150.00,20.01,
0.00,6.72,154.00,20.60,153.00,20.45,
0.00,6.72,151.00,20.16,153.00,20.45,
0.00,6.72,151.00,20.16,154.00,20.60,
0.00,6.72,153.00,20.45,154.00,20.60,
0.00,6.72,154.00,20.60,159.00,21.36,
0.00,6.72,154.00,20.60,160.00,21.52,
0.00,6.72,155.00,20.75,156.00,20.90,
0.00,6.72,155.00,20.75,160.00,21.52,
0.00,6.72,164.00,22.15,159.00,21.36,
0.00,6.72,153.00,20.45,159.00,21.36,
0.00,6.72,156.00,20.90,160.00,21.52,
0.00,6.72,163.00,21.99,160.00,21.52,
0.00,6.72,167.00,22.64,160.00,21.52,
0.00,6.72,155.00,20.75,160.00,21.52,
0.00,6.72,152.00,20.30,161.00,21.68,
0.00,6.72,161.00,21.68,157.00,21.06,
0.00,6.72,162.00,21.84,156.00,20.90,
0.00,6.72,157.00,21.06,157.00,21.06,
0.00,6.72,166.00,22.48,156.00,20.90,
0.00,6.72,161.00,21.68,156.00,20.90,
0.00,6.72,165.00,22.32,156.00,20.90,
0.00,6.72,162.00,21.84,157.00,21.06,
0.00,6.72,163.00,21.99,157.00,21.06,
0.00,6.72,166.00,22.48,157.00,21.06,
0.00,6.72,167.00,22.64,159.00,21.36,
0.00,6.72,168.00,22.81,159.00,21.36,
0.00,6.72,163.00,21.99,159.00,21.36,
0.00,6.72,162.00,21.84,159.00,21.36,
0.00,6.72,165.00,22.32,157.00,21.06,
0.00,6.72,164.00,22.15,156.00,20.90,
0.00,6.72,162.00,21.84,155.00,20.75,
0.00,6.72,164.00,22.15,157.00,21.06,
0.00,6.72,161.00,21.68,155.00,20.75,
0.00,6.72,167.00,22.64,155.00,20.75,
0.00,6.72,167.00,22.64,157.00,21.06,
0.00,6.72,157.00,21.06,157.00,21.06,
0.00,6.72,159.00,21.36,153.00,20.45,
0.00,6.72,159.00,21.36,154.00,20.60,
0.00,6.72,161.00,21.68,154.00,20.60,
0.00,6.72,160.00,21.52,154.00,20.60,
0.00,6.72,164.00,22.15,156.00,20.90,
0.00,6.72,167.00,22.64,156.00,20.90,
0.00,6.72,165.00,22.32,157.00,21.06,
0.00,6.72,167.00,22.64,158.00,21.21,
0.00,6.72,165.00,22.32,156.00,20.90,
0.00,6.72,162.00,21.84,156.00,20.90,
0.00,6.72,164.00,22.15,154.00,20.60,
0.00,6.72,159.00,21.36,154.00,20.60,
0.00,6.72,163.00,21.99,157.00,21.06,
0.00,6.72,163.00,21.99,157.00,21.06,
0.00,6.72,166.00,22.48,157.00,21.06,
0.00,6.72,176.00,24.17,157.00,21.06,
0.00,6.72,172.00,23.48,157.00,21.06,
0.00,6.72,177.00,24.35,157.00,21.06,
0.00,6.72,174.00,23.83,158.00,21.21,
0.00,6.72,173.00,23.65,157.00,21.06,
0.00,6.72,168.00,22.81,157.00,21.06,
0.00,6.72,167.00,22.64,157.00,21.06,
0.00,6.72,163.00,21.99,157.00,21.06,
0.00,6.72,162.00,21.84,156.00,20.90,
0.00,6.72,157.00,21.06,156.00,20.90,
0.00,6.72,163.00,21.99,157.00,21.06,
0.00,6.72,172.00,23.48,156.00,20.90,
0.00,6.72,173.00,23.65,153.00,20.45,
0.00,6.72,150.00,20.01,153.00,20.45,
0.00,6.72,152.00,20.30,154.00,20.60,
0.00,6.72,166.00,22.48,156.00,20.90,
0.00,6.72,161.00,21.68,152.00,20.30,
0.00,6.72,151.00,20.16,153.00,20.45,
0.00,6.72,153.00,20.45,154.00,20.60,
0.00,6.72,158.00,21.21,154.00,20.60,
0.00,6.72,166.00,22.48,155.00,20.75,
0.00,6.72,161.00,21.68,154.00,20.60,
0.00,6.72,155.00,20.75,154.00,20.60,
0.00,6.72,160.00,21.52,155.00,20.75,
0.00,6.72,155.00,20.75,154.00,20.60,
0.00,6.72,153.00,20.45,156.00,20.90,
0.00,6.72,160.00,21.52,156.00,20.90,
0.00,6.72,148.00,19.72,153.00,20.45,
0.00,6.72,151.00,20.16,152.00,20.30,
0.00,6.72,149.00,19.87,151.00,20.16,
0.00,6.72,149.00,19.87,154.00,20.60,
0.00,6.72,150.00,20.01,153.00,20.45,
0.00,6.72,149.00,19.87,152.00,20.30,
0.00,6.72,147.00,19.58,150.00,20.01,
0.00,6.72,145.00,19.30,151.00,20.16,
0.00,6.72,145.00,19.30,152.00,20.30,
0.00,6.72,145.00,19.30,153.00,20.45,
0.00,6.72,146.00,19.44,152.00,20.30,
0.00,6.72,146.00,19.44,151.00,20.16,
0.00,6.72,144.00,19.16,152.00,20.30,
0.00,6.72,144.00,19.16,151.00,20.16,
0.00,6.72,144.00,19.16,152.00,20.30,
0.00,6.72,145.00,19.30,152.00,20.30,
0.00,6.72,145.00,19.30,152.00,20.30,
0.00,6.72,145.00,19.30,151.00,20.16,
0.00,6.72,146.00,19.44,152.00,20.30,
0.00,6.72,145.00,19.30,153.00,20.45,
0.00,6.72,146.00,19.44,151.00,20.16,
0.00,6.72,144.00,19.16,150.00,20.01,
0.00,6.72,143.00,19.02,151.00,20.16,
0.00,6.72,143.00,19.02,151.00,20.16,
0.00,6.72,144.00,19.16,153.00,20.45,
0.00,6.72,144.00,19.16,152.00,20.30,
0.00,6.72,144.00,19.16,153.00,20.45,
0.00,6.72,144.00,19.16,150.00,20.01,
0.00,6.72,144.00,19.16,150.00,20.01,
0.00,6.72,153.00,20.45,157.00,21.06,
0.00,6.72,232.00,36.32,195.00,27.76,
0.00,6.72,506.00,266.22,179.00,24.71,
0.00,6.72,63.00,10.63,0.00,6.72,
0.00,6.72,76.00,11.69,37.00,8.80,
0.00,6.72,0.00,6.72,56.00,10.10,
0.00,6.72,0.00,6.72,0.00,6.72,
0.00,6.72,0.00,6.72,0.00,6.72,
0.00,6.72,0.00,6.72,0.00,6.72,
0.00,6.72,0.00,6.72,0.00,6.72,
0.00,6.72,0.00,6.72,0.00,6.72,
0.00,6.72,0.00,6.72,0.00,6.72,
0.00,6.72,0.00,6.72,0.00,6.72,
0.00,6.72,0.00,6.72,0.00,6.72,
0.00,6.72,0.00,6.72,0.00,6.72,
0.00,6.72,0.00,6.72,0.00,6.72,
0.00,6.72,0.00,6.72,0.00,6.72,
0.00,6.72,0.00,6.72,0.00,6.72,
0.00,6.72,0.00,6.72,0.00,6.72,
0.00,6.72,0.00,6.72,0.00,6.72,
0.00,6.72,0.00,6.72,0.00,6.72,
0.00,6.72,0.00,6.72,0.00,6.72,
0.00,6.72,0.00,6.72,0.00,6.72,
0.00,6.72,0.00,6.72,0.00,6.72,
0.00,6.72,0.00,6.72,0.00,6.72,
0.00,6.72,0.00,6.72,0.00,6.72,
0.00,6.72,0.00,6.72,0.00,6.72,
0.00,6.72,0.00,6.72,0.00,6.72,
0.00,6.72,0.00,6.72,0.00,6.72,
0.00,6.72,0.00,6.72,0.00,6.72,
0.00,6.72,0.00,6.72,0.00,6.72,
0.00,6.72,0.00,6.72,0.00,6.72,
0.00,6.72,0.00,6.72,0.00,6.72,
0.00,6.72,0.00,6.72,0.00,6.72,
0.00,6.72,0.00,6.72,0.00,6.72,
0.00,6.72,0.00,6.72,0.00,6.72,
0.00,6.72,0.00,6.72,0.00,6.72,
0.00,6.72,0.00,6.72,0.00,6.72,
0.00,6.72,0.00,6.72,0.00,6.72,
0.00,6.72,0.00,6.72,0.00,6.72,
0.00,6.72,0.00,6.72,0.00,6.72,
0.00,6.72,0.00,6.72,0.00,6.72,
0.00,6.72,0.00,6.72,0.00,6.72,
0.00,6.72,0.00,6.72,0.00,6.72,
0.00,6.72,0.00,6.72,0.00,6.72,
0.00,6.72,0.00,6.72,0.00,6.72,
0.00,6.72,0.00,6.72,0.00,6.72,
0.00,6.72,0.00,6.72,0.00,6.72,
0.00,6.72,0.00,6.72,0.00,6.72,
0.00,6.72,0.00,6.72,0.00,6.72,
0.00,6.72,0.00,6.72,0.00,6.72,
0.00,6.72,0.00,6.72,0.00,6.72,
0.00,6.72,0.00,6.72,0.00,6.72,
0.00,6.72,0.00,6.72,0.00,6.72,
0.00,6.72,0.00,6.72,0.00,6.72,
0.00,6.72,0.00,6.72,0.00,6.72,
0.00,6.72,0.00,6.72,0.00,6.72,
0.00,6.72,0.00,6.72,0.00,6.72,
0.00,6.72,0.00,6.72,0.00,6.72,
0.00,6.72,0.00,6.72,0.00,6.72,
0.00,6.72,0.00,6.72,0.00,6.72,
0.00,6.72,0.00,6.72,0.00,6.72,
0.00,6.72,0.00,6.72,0.00,6.72,
0.00,6.72,0.00,6.72,0.00,6.72,
0.00,6.72,0.00,6.72,0.00,6.72,
0.00,6.72,0.00,6.72,0.00,6.72,
0.00,6.72,0.00,6.72,0.00,6.72,
0.00,6.72,0.00,6.72,0.00,6.72,
0.00,6.72,0.00,6.72,0.00,6.72,
0.00,6.72,0.00,6.72,0.00,6.72,
0.00,6.72,0.00,6.72,0.00,6.72,
0.00,6.72,0.00,6.72,0.00,6.72,
0.00,6.72,0.00,6.72,0.00,6.72,
0.00,6.72,0.00,6.72,0.00,6.72,
0.00,6.72,0.00,6.72,0.00,6.72,
0.00,6.72,0.00,6.72,0.00,6.72,
0.00,6.72,0.00,6.72,0.00,6.72,
0.00,6.72,0.00,6.72,0.00,6.72,
0.00,6.72,0.00,6.72,0.00,6.72,
0.00,6.72,0.00,6.72,0.00,6.72,
0.00,6.72,0.00,6.72,0.00,6.72,
0.00,6.72,0.00,6.72,0.00,6.72,
0.00,6.72,0.00,6.72,0.00,6.72,
0.00,6.72,0.00,6.72,0.00,6.72,
0.00,6.72,0.00,6.72,0.00,6.72,
0.00,6.72,0.00,6.72,0.00,6.72,
0.00,6.72,0.00,6.72,0.00,6.72,
0.00,6.72,0.00,6.72,0.00,6.72,
0.00,6.72,0.00,6.72,0.00,6.72,
0.00,6.72,0.00,6.72,0.00,6.72,
0.00,6.72,0.00,6.72,0.00,6.72,
0.00,6.72,0.00,6.72,0.00,6.72,
0.00,6.72,0.00,6.72,0.00,6.72,
0.00,6.72,0.00,6.72,0.00,6.72,
0.00,6.72,0.00,6.72,0.00,6.72,
0.00,6.72,0.00,6.72,0.00,6.72,
0.00,6.72,0.00,6.72,0.00,6.72,
0.00,6.72,0.00,6.72,0.00,6.72,
0.00,6.72,0.00,6.72,0.00,6.72,
0.00,6.72,0.00,6.72,0.00,6.72,
0.00,6.72,0.00,6.72,0.00,6.72,
0.00,6.72,0.00,6.72,0.00,6.72,
0.00,6.72,0.00,6.72,0.00,6.72,
0.00,6.72,0.00,6.72,0.00,6.72,
0.00,6.72,0.00,6.72,0.00,6.72,
0.00,6.72,0.00,6.72,0.00,6.72,
0.00,6.72,0.00,6.72,0.00,6.72,
0.00,6.72,0.00,6.72,0.00,6.72,
0.00,6.72,0.00,6.72,0.00,6.72,
0.00,6.72,0.00,6.72,0.00,6.72,
0.00,6.72,0.00,6.72,0.00,6.72,
0.00,6.72,0.00,6.72,0.00,6.72,
0.00,6.72,0.00,6.72,0.00,6.72,
0.00,6.72,0.00,6.72,0.00,6.72,
0.00,6.72,0.00,6.72,0.00,6.72,
0.00,6.72,0.00,6.72,0.00,6.72,
0.00,6.72,0.00,6.72,0.00,6.72,
0.00,6.72,0.00,6.72,0.00,6.72,
0.00,6.72,0.00,6.72,0.00,6.72,
0.00,6.72,0.00,6.72,0.00,6.72,
0.00,6.72,0.00,6.72,0.00,6.72,
0.00,6.72,0.00,6.72,0.00,6.72,
0.00,6.72,0.00,6.72,0.00,6.72,
0.00,6.72,0.00,6.72,0.00,6.72,
0.00,6.72,0.00,6.72,0.00,6.72,
0.00,6.72,0.00,6.72,0.00,6.72,
0.00,6.72,0.00,6.72,0.00,6.72,
0.00,6.72,0.00,6.72,0.00,6.72,
0.00,6.72,0.00,6.72,0.00,6.72,
0.00,6.72,0.00,6.72,0.00,6.72,
0.00,6.72,0.00,6.72,0.00,6.72,
0.00,6.72,0.00,6.72,0.00,6.72,
0.00,6.72,0.00,6.72,0.00,6.72,
0.00,6.72,0.00,6.72,0.00,6.72,
0.00,6.72,0.00,6.72,0.00,6.72,
0.00,6.72,0.00,6.72,0.00,6.72,
0.00,6.72,0.00,6.72,0.00,6.72,
0.00,6.72,0.00,6.72,0.00,6.72,
0.00,6.72,0.00,6.72,0.00,6.72,
0.00,6.72,0.00,6.72,0.00,6.72,
0.00,6.72,0.00,6.72,0.00,6.72,
0.00,6.72,0.00,6.72,0.00,6.72,
0.00,6.72,0.00,6.72,0.00,6.72,
0.00,6.72,0.00,6.72,0.00,6.72,
0.00,6.72,0.00,6.72,0.00,6.72,
0.00,6.72,0.00,6.72,0.00,6.72,
0.00,6.72,0.00,6.72,0.00,6.72,
0.00,6.72,0.00,6.72,0.00,6.72,
0.00,6.72,0.00,6.72,0.00,6.72,
0.00,6.72,0.00,6.72,0.00,6.72,
0.00,6.72,0.00,6.72,0.00,6.72,
0.00,6.72,0.00,6.72,0.00,6.72,
0.00,6.72,0.00,6.72,0.00,6.72,
0.00,6.72,0.00,6.72,0.00,6.72,
0.00,6.72,0.00,6.72,0.00,6.72,
0.00,6.72,0.00,6.72,0.00,6.72,
0.00,6.72,0.00,6.72,0.00,6.72,
0.00,6.72,0.00,6.72,0.00,6.72,
0.00,6.72,0.00,6.72,0.00,6.72,
0.00,6.72,0.00,6.72,0.00,6.72,
0.00,6.72,0.00,6.72,0.00,6.72,
0.00,6.72,0.00,6.72,0.00,6.72,
0.00,6.72,0.00,6.72,0.00,6.72,
0.00,6.72,0.00,6.72,0.00,6.72,
0.00,6.72,0.00,6.72,0.00,6.72,
0.00,6.72,0.00,6.72,0.00,6.72,
0.00,6.72,0.00,6.72,0.00,6.72,
0.00,6.72,0.00,6.72,0.00,6.72,
0.00,6.72,0.00,6.72,0.00,6.72,
0.00,6.72,0.00,6.72,0.00,6.72,
0.00,6.72,0.00,6.72,0.00,6.72,
0.00,6.72,0.00,6.72,0.00,6.72,
0.00,6.72,0.00,6.72,0.00,6.72,
0.00,6.72,0.00,6.72,0.00,6.72,
0.00,6.72,0.00,6.72,0.00,6.72,
0.00,6.72,0.00,6.72,0.00,6.72,
0.00,6.72,0.00,6.72,0.00,6.72,
0.00,6.72,0.00,6.72,0.00,6.72,
0.00,6.72,0.00,6.72,0.00,6.72,
0.00,6.72,0.00,6.72,0.00,6.72,
0.00,6.72,0.00,6.72,0.00,6.72,
0.00,6.72,0.00,6.72,0.00,6.72,
0.00,6.72,0.00,6.72,0.00,6.72,
0.00,6.72,0.00,6.72,0.00,6.72,
0.00,6.72,0.00,6.72,0.00,6.72,
0.00,6.72,0.00,6.72,0.00,6.72,
0.00,6.72,0.00,6.72,0.00,6.72,
0.00,6.72,0.00,6.72,0.00,6.72,
0.00,6.72,0.00,6.72,0.00,6.72,
0.00,6.72,0.00,6.72,0.00,6.72,
0.00,6.72,0.00,6.72,0.00,6.72,
0.00,6.72,0.00,6.72,0.00,6.72,
0.00,6.72,0.00,6.72,0.00,6.72,
0.00,6.72,0.00,6.72,0.00,6.72,
0.00,6.72,0.00,6.72,0.00,6.72,
0.00,6.72,0.00,6.72,0.00,6.72,
0.00,6.72,0.00,6.72,0.00,6.72,
0.00,6.72,0.00,6.72,0.00,6.72,
0.00,6.72,0.00,6.72,0.00,6.72,
0.00,6.72,0.00,6.72,0.00,6.72,
0.00,6.72,0.00,6.72,0.00,6.72,
0.00,6.72,0.00,6.72,0.00,6.72,
0.00,6.72,0.00,6.72,0.00,6.72,
0.00,6.72,0.00,6.72,0.00,6.72,
0.00,6.72,0.00,6.72,0.00,6.72,
0.00,6.72,0.00,6.72,0.00,6.72,
0.00,6.72,0.00,6.72,0.00,6.72,
0.00,6.72,0.00,6.72,0.00,6.72,
0.00,6.72,0.00,6.72,0.00,6.72,
0.00,6.72,0.00,6.72,0.00,6.72,
0.00,6.72,0.00,6.72,0.00,6.72,
0.00,6.72,0.00,6.72,0.00,6.72,
0.00,6.72,0.00,6.72,0.00,6.72,
0.00,6.72,0.00,6.72,0.00,6.72,
0.00,6.72,0.00,6.72,0.00,6.72,
0.00,6.72,0.00,6.72,0.00,6.72,
0.00,6.72,0.00,6.72,0.00,6.72,
0.00,6.72,0.00,6.72,0.00,6.72,
0.00,6.72,0.00,6.72,0.00,6.72,
0.00,6.72,0.00,6.72,0.00,6.72,
0.00,6.72,0.00,6.72,0.00,6.72,
0.00,6.72,0.00,6.72,0.00,6.72,
0.00,6.72,0.00,6.72,0.00,6.72,
0.00,6.72,0.00,6.72,0.00,6.72,
0.00,6.72,0.00,6.72,0.00,6.72,
0.00,6.72,0.00,6.72,0.00,6.72,
0.00,6.72,0.00,6.72,0.00,6.72,
0.00,6.72,0.00,6.72,0.00,6.72,
0.00,6.72,0.00,6.72,0.00,6.72,
0.00,6.72,0.00,6.72,0.00,6.72,
0.00,6.72,0.00,6.72,0.00,6.72,
0.00,6.72,0.00,6.72,0.00,6.72,
0.00,6.72,0.00,6.72,0.00,6.72,
0.00,6.72,0.00,6.72,0.00,6.72,
0.00,6.72,0.00,6.72,0.00,6.72,
0.00,6.72,0.00,6.72,0.00,6.72,
0.00,6.72,0.00,6.72,0.00,6.72,
0.00,6.72,0.00,6.72,0.00,6.72,
0.00,6.72,0.00,6.72,0.00,6.72,
0.00,6.72,0.00,6.72,0.00,6.72,
0.00,6.72,0.00,6.72,0.00,6.72,
0.00,6.72,0.00,6.72,0.00,6.72,
0.00,6.72,0.00,6.72,0.00,6.72,
0.00,6.72,0.00,6.72,0.00,6.72,
0.00,6.72,0.00,6.72,0.00,6.72,
0.00,6.72,0.00,6.72,0.00,6.72,
0.00,6.72,0.00,6.72,0.00,6.72,
0.00,6.72,0.00,6.72,0.00,6.72,
0.00,6.72,0.00,6.72,0.00,6.72,
0.00,6.72,0.00,6.72,0.00,6.72,
0.00,6.72,0.00,6.72,0.00,6.72,
0.00,6.72,0.00,6.72,0.00,6.72,
0.00,6.72,0.00,6.72,0.00,6.72,
0.00,6.72,0.00,6.72,0.00,6.72,
0.00,6.72,0.00,6.72,0.00,6.72,
0.00,6.72,0.00,6.72,0.00,6.72,
0.00,6.72,0.00,6.72,0.00,6.72,
0.00,6.72,0.00,6.72,0.00,6.72,
0.00,6.72,0.00,6.72,0.00,6.72,
0.00,6.72,0.00,6.72,0.00,6.72,
0.00,6.72,0.00,6.72,0.00,6.72,
0.00,6.72,0.00,6.72,0.00,6.72,
0.00,6.72,0.00,6.72,0.00,6.72,
0.00,6.72,0.00,6.72,0.00,6.72,
0.00,6.72,0.00,6.72,0.00,6.72,
0.00,6.72,0.00,6.72,0.00,6.72,
0.00,6.72,0.00,6.72,0.00,6.72,
0.00,6.72,0.00,6.72,0.00,6.72,
0.00,6.72,0.00,6.72,0.00,6.72,
0.00,6.72,0.00,6.72,0.00,6.72,
0.00,6.72,0.00,6.72,0.00,6.72,
0.00,6.72,0.00,6.72,0.00,6.72,
0.00,6.72,0.00,6.72,0.00,6.72,
0.00,6.72,0.00,6.72,0.00,6.72,
0.00,6.72,0.00,6.72,0.00,6.72,
0.00,6.72,0.00,6.72,0.00,6.72,
0.00,6.72,0.00,6.72,0.00,6.72,
0.00,6.72,0.00,6.72,0.00,6.72,
0.00,6.72,0.00,6.72,0.00,6.72,
0.00,6.72,0.00,6.72,0.00,6.72,
0.00,6.72,0.00,6.72,0.00,6.72,
0.00,6.72,0.00,6.72,0.00,6.72,
0.00,6.72,0.00,6.72,0.00,6.72,
0.00,6.72,0.00,6.72,0.00,6.72,
0.00,6.72,0.00,6.72,0.00,6.72,
0.00,6.72,0.00,6.72,0.00,6.72,
0.00,6.72,0.00,6.72,0.00,6.72,
0.00,6.72,0.00,6.72,0.00,6.72,
0.00,6.72,0.00,6.72,0.00,6.72,
0.00,6.72,0.00,6.72,0.00,6.72,
0.00,6.72,0.00,6.72,0.00,6.72,
0.00,6.72,0.00,6.72,0.00,6.72,
0.00,6.72,0.00,6.72,0.00,6.72,
0.00,6.72,0.00,6.72,0.00,6.72,
0.00,6.72,0.00,6.72,0.00,6.72,
0.00,6.72,0.00,6.72,0.00,6.72,
0.00,6.72,0.00,6.72,0.00,6.72,
0.00,6.72,0.00,6.72,0.00,6.72,
0.00,6.72,0.00,6.72,0.00,6.72,
0.00,6.72,0.00,6.72,0.00,6.72,
0.00,6.72,0.00,6.72,0.00,6.72,
0.00,6.72,0.00,6.72,0.00,6.72,
0.00,6.72,0.00,6.72,0.00,6.72,
0.00,6.72,0.00,6.72,0.00,6.72,
0.00,6.72,0.00,6.72,0.00,6.72,
0.00,6.72,0.00,6.72,0.00,6.72,
0.00,6.72,0.00,6.72,0.00,6.72,
0.00,6.72,0.00,6.72,0.00,6.72,
0.00,6.72,0.00,6.72,0.00,6.72,
0.00,6.72,0.00,6.72,0.00,6.72,
0.00,6.72,0.00,6.72,0.00,6.72,
0.00,6.72,0.00,6.72,0.00,6.72,
0.00,6.72,0.00,6.72,0.00,6.72,
0.00,6.72,0.00,6.72,0.00,6.72,
0.00,6.72,0.00,6.72,0.00,6.72,
0.00,6.72,0.00,6.72,0.00,6.72,
0.00,6.72,0.00,6.72,0.00,6.72,
0.00,6.72,0.00,6.72,0.00,6.72,
0.00,6.72,0.00,6.72,0.00,6.72,
0.00,6.72,0.00,6.72,0.00,6.72,
0.00,6.72,0.00,6.72,0.00,6.72,
0.00,6.72,0.00,6.72,0.00,6.72,
0.00,6.72,0.00,6.72,0.00,6.72,
0.00,6.72,0.00,6.72,0.00,6.72,
0.00,6.72,0.00,6.72,0.00,6.72,
0.00,6.72,0.00,6.72,0.00,6.72,
0.00,6.72,0.00,6.72,0.00,6.72,
0.00,6.72,0.00,6.72,0.00,6.72,
0.00,6.72,0.00,6.72,0.00,6.72,
0.00,6.72,0.00,6.72,0.00,6.72,
0.00,6.72,0.00,6.72,0.00,6.72,
0.00,6.72,0.00,6.72,0.00,6.72,
0.00,6.72,0.00,6.72,0.00,6.72,
0.00,6.72,0.00,6.72,0.00,6.72,
0.00,6.72,0.00,6.72,0.00,6.72,
0.00,6.72,0.00,6.72,0.00,6.72,
0.00,6.72,0.00,6.72,0.00,6.72,
0.00,6.72,0.00,6.72,0.00,6.72,
0.00,6.72,0.00,6.72,0.00,6.72,
0.00,6.72,0.00,6.72,0.00,6.72,
0.00,6.72,0.00,6.72,0.00,6.72,
0.00,6.72,0.00,6.72,0.00,6.72,
0.00,6.72,0.00,6.72,0.00,6.72,
0.00,6.72,0.00,6.72,0.00,6.72,
0.00,6.72,0.00,6.72,0.00,6.72,
0.00,6.72,0.00,6.72,0.00,6.72,
0.00,6.72,0.00,6.72,0.00,6.72,
0.00,6.72,0.00,6.72,0.00,6.72,
0.00,6.72,0.00,6.72,0.00,6.72,
0.00,6.72,0.00,6.72,0.00,6.72,
0.00,6.72,0.00,6.72,0.00,6.72,
0.00,6.72,0.00,6.72,0.00,6.72,
0.00,6.72,0.00,6.72,0.00,6.72,
0.00,6.72,0.00,6.72,0.00,6.72,
0.00,6.72,0.00,6.72,0.00,6.72,
0.00,6.72,0.00,6.72,0.00,6.72,
0.00,6.72,0.00,6.72,0.00,6.72,
0.00,6.72,0.00,6.72,0.00,6.72,
0.00,6.72,0.00,6.72,0.00,6.72,
0.00,6.72,0.00,6.72,0.00,6.72,
0.00,6.72,0.00,6.72,0.00,6.72,
0.00,6.72,0.00,6.72,0.00,6.72,
0.00,6.72,0.00,6.72,0.00,6.72,
0.00,6.72,0.00,6.72,0.00,6.72,
0.00,6.72,0.00,6.72,0.00,6.72,
0.00,6.72,0.00,6.72,0.00,6.72,
0.00,6.72,0.00,6.72,0.00,6.72,
0.00,6.72,0.00,6.72,0.00,6.72,
0.00,6.72,0.00,6.72,0.00,6.72,
0.00,6.72,0.00,6.72,0.00,6.72,
0.00,6.72,0.00,6.72,0.00,6.72,
0.00,6.72,0.00,6.72,0.00,6.72,
0.00,6.72,0.00,6.72,0.00,6.72,
0.00,6.72,0.00,6.72,0.00,6.72,
0.00,6.72,0.00,6.72,0.00,6.72,
0.00,6.72,0.00,6.72,0.00,6.72,
0.00,6.72,0.00,6.72,0.00,6.72,
0.00,6.72,0.00,6.72,0.00,6.72,
0.00,6.72,0.00,6.72,0.00,6.72,
0.00,6.72,0.00,6.72,0.00,6.72,
0.00,6.72,0.00,6.72,0.00,6.72,
0.00,6.72,0.00,6.72,0.00,6.72,
0.00,6.72,0.00,6.72,0.00,6.72,
0.00,6.72,0.00,6.72,0.00,6.72,
0.00,6.72,0.00,6.72,0.00,6.72,
0.00,6.72,0.00,6.72,0.00,6.72,
0.00,6.72,0.00,6.72,0.00,6.72,
0.00,6.72,0.00,6.72,0.00,6.72,
0.00,6.72,0.00,6.72,0.00,6.72,
0.00,6.72,0.00,6.72,0.00,6.72,
0.00,6.72,0.00,6.72,0.00,6.72,
0.00,6.72,0.00,6.72,0.00,6.72,
0.00,6.72,0.00,6.72,0.00,6.72,
0.00,6.72,0.00,6.72,0.00,6.72,
0.00,6.72,0.00,6.72,0.00,6.72,
0.00,6.72,0.00,6.72,0.00,6.72,
0.00,6.72,0.00,6.72,0.00,6.72,
0.00,6.72,0.00,6.72,0.00,6.72,
0.00,6.72,0.00,6.72,0.00,6.72,
0.00,6.72,0.00,6.72,0.00,6.72,
0.00,6.72,0.00,6.72,0.00,6.72,
0.00,6.72,0.00,6.72,0.00,6.72,
0.00,6.72,0.00,6.72,0.00,6.72,
0.00,6.72,0.00,6.72,0.00,6.72,
0.00,6.72,0.00,6.72,0.00,6.72,
0.00,6.72,0.00,6.72,0.00,6.72,
0.00,6.72,0.00,6.72,0.00,6.72,
0.00,6.72,0.00,6.72,0.00,6.72,
0.00,6.72,0.00,6.72,0.00,6.72,
0.00,6.72,0.00,6.72,0.00,6.72,
0.00,6.72,0.00,6.72,0.00,6.72,
0.00,6.72,0.00,6.72,0.00,6.72,
0.00,6.72,0.00,6.72,0.00,6.72,
0.00,6.72,0.00,6.72,0.00,6.72,
0.00,6.72,0.00,6.72,0.00,6.72,
0.00,6.72,0.00,6.72,0.00,6.72,
0.00,6.72,0.00,6.72,0.00,6.72,
0.00,6.72,0.00,6.72,0.00,6.72,
0.00,6.72,0.00,6.72,0.00,6.72,
0.00,6.72,0.00,6.72,0.00,6.72,
0.00,6.72,0.00,6.72,0.00,6.72,
0.00,6.72,0.00,6.72,0.00,6.72,
0.00,6.72,0.00,6.72,0.00,6.72,
0.00,6.72,0.00,6.72,0.00,6.72,
0.00,6.72,0.00,6.72,0.00,6.72,
0.00,6.72,0.00,6.72,0.00,6.72,
0.00,6.72,0.00,6.72,0.00,6.72,
0.00,6.72,0.00,6.72,0.00,6.72,
0.00,6.72,0.00,6.72,0.00,6.72,
0.00,6.72,0.00,6.72,0.00,6.72,
0.00,6.72,0.00,6.72,0.00,6.72,
0.00,6.72,0.00,6.72,0.00,6.72,
0.00,6.72,0.00,6.72,0.00,6.72,
0.00,6.72,0.00,6.72,0.00,6.72,
0.00,6.72,0.00,6.72,0.00,6.72,
0.00,6.72,0.00,6.72,0.00,6.72,
0.00,6.72,0.00,6.72,0.00,6.72,
0.00,6.72,0.00,6.72,0.00,6.72,
0.00,6.72,0.00,6.72,0.00,6.72,
0.00,6.72,0.00,6.72,0.00,6.72,
0.00,6.72,0.00,6.72,0.00,6.72,
0.00,6.72,0.00,6.72,0.00,6.72,
0.00,6.72,0.00,6.72,0.00,6.72,
0.00,6.72,0.00,6.72,0.00,6.72,
0.00,6.72,0.00,6.72,0.00,6.72,
0.00,6.72,0.00,6.72,0.00,6.72,
0.00,6.72,0.00,6.72,0.00,6.72,
0.00,6.72,0.00,6.72,0.00,6.72,
0.00,6.72,0.00,6.72,0.00,6.72,
0.00,6.72,0.00,6.72,0.00,6.72,
0.00,6.72,0.00,6.72,0.00,6.72,
0.00,6.72,0.00,6.72,0.00,6.72,
0.00,6.72,0.00,6.72,0.00,6.72,
0.00,6.72,0.00,6.72,0.00,6.72,
0.00,6.72,0.00,6.72,0.00,6.72,
0.00,6.72,0.00,6.72,0.00,6.72,
0.00,6.72,0.00,6.72,0.00,6.72,





